126 2636 gi|10 33209 34240 
128 1909 gi|10 36589 37736 
152 253 gi|11 11440 11531 
130 510 gi|12 31550 31638 
132 359 gi|12 31741 31800 
134 330 gi|13 14820 14964 
136 397 gi|13 21599 21900 
138 551 gi|13 22318 23233 
140 250 gi|13 32169 32292 
142 298 gi|13 34025 34203 
144 266 gi|13 34031 34164 
146 519 gi|13 35386 35547 
148 335 gi|13 35420 35543 
150 2990 gi|13 40432 41080 
208 2032 gi|15 290 1253 
210 2390 gi|15 293 1254 
212 722 gi|15 367 952 
214 916 gi|15 1009 1254 
153 253 gi|17 10104 10205 
162 392 gi|18 2979 3133 
35 711 gi|18 15982 16312 
164 1152 gi|18 16008 16413 
166 1009 gi|18 16054 16361 
168 494 gi|18 16054 16222 
170 329 gi|18 16075 16718 
172 1536 gi|18 16080 16574 
174 1409 gi|18 16107 16890 
29 919 gi|18 16135 16514 
176 1302 gi|18 16148 16739 
178 2039 gi|18 16170 17031 
180 308 gi|18 16234 16869 
33 751 gi|18 16256 16529 
43 706 gi|18 16392 16670 
182 543 gi|18 16459 17010 
41 974 gi|18 16469 16819 
184 1188 gi|18 16601 17302 
186 451 gi|18 16651 17182 
39 1288 gi|18 16654 16961 
188 352 gi|18 16686 17337 
190 1892 gi|18 16749 17330 
49 1113 gi|18 16761 17097 
192 580 gi|18 16797 17304 
194 264 gi|18 16892 17304 
37 1313 gi|18 16912 17266 
55 564 gi|18 17115 17337 
65 265 gi|18 18188 18316 
19 277 gi|18 18230 18321 
196 359 gi|18 18499 18601 
137 397 gi|19 7319 7620 
139 551 gi|19 7996 8935 
154 2954 gi|19 19777 20347 
156 958 gi|19 19790 20229 
158 679 gi|19 19859 20022 
160 346 gi|19 30695 30822 
118 256 gi|2 9023 9201 
116 308 gi|2 9023 9126 
67 1974 gi|20 20245 20739 
21 1593 gi|20 20245 20672 
198 2361 gi|20 20371 20739 
73 303 gi|20 20788 20821 
200 3364 gi|20 20824 21563 
75 3396 gi|20 20824 21311 
25 1207 gi|20 20958 21272 
202 275 gi|20 21490 21564 
204 1274 gi|20 26454 26691 
113 1221 gi|20 26454 26687 
206 407 gi|20 28136 28371 
15 255 gi|20 34024 34151 
95 298 gi|20 36229 36371 
125 250 gi|21 341 646 
117 308 gi|22 1 103 
159 679 gi|22 55 247 
216 677 gi|22 55 245 
151 2990 gi|22 244 912 
157 958 gi|22 738 1178 
119 256 gi|22 838 1015 
218 864 gi|22 965 1190 
161 346 gi|22 20350 20487 
220 576 gi|22 21041 21243 
149 335 gi|22 21044 21171 
222 277 gi|22 22096 22316 
143 298 gi|22 22139 22317 
131 510 gi|22 34117 34204 
133 359 gi|22 34200 34260 
141 250 gi|23 13929 14064 
109 769 gi|23 19993 20161 
107 1495 gi|23 20062 20372 
105 2310 gi|23 20313 20672 
103 1305 gi|23 20719 21204 
13 402 gi|23 35822 36634 
79 705 gi|23 38905 38995 
9 312 gi|23 38917 38997 
230 863 gi|25 1 322 
232 882 gi|25 8 337 
234 669 gi|25 36 326 
236 1888 gi|25 315 852 
238 1864 gi|25 315 852 
240 1748 gi|25 315 837 
203 275 gi|25 6025 6095 
201 3364 gi|25 6785 7630 
71 3113 gi|25 7042 7682 
27 984 gi|25 7363 7483 
69 2005 gi|25 7687 8221 
242 313 gi|25 7723 7842 
93 277 gi|25 7723 7842 
199 2361 gi|25 7847 8255 
23 777 gi|25 7926 8274 
244 503 gi|25 12220 12743 
195 264 gi|25 12232 12703 
246 523 gi|25 12235 12925 
171 329 gi|25 12236 12903 
181 308 gi|25 12251 12903 
183 543 gi|25 12251 12903 
193 580 gi|25 12288 12884 
187 451 gi|25 12289 12925 
31 387 gi|25 12448 12891 
248 423 gi|25 12460 12925 
17 429 gi|25 13994 14104 
63 347 gi|25 13994 14081 
163 392 gi|25 33696 33850 
207 407 gi|27 930 1166 
1 251 gi|27 4994 5126 
111 1307 gi|27 19553 19826 
205 1274 gi|27 19576 19814 
228 279 gi|27 25912 25992 
121 732 gi|28 10262 10801 
189 352 gi|28 13053 13695 
179 2039 gi|28 13054 13970 
185 1188 gi|28 13147 13787 
175 1409 gi|28 13165 13970 
224 479 gi|28 13237 13960 
177 1302 gi|28 13305 13970 
51 557 gi|28 13308 13599 
247 523 gi|28 13378 13968 
45 1101 gi|28 13378 13757 
173 1536 gi|28 13383 13969 
191 1892 gi|28 13396 13970 
249 423 gi|28 13414 13827 
165 1152 gi|28 13474 13883 
245 503 gi|28 13522 13970 
47 1260 gi|28 13558 13908 
167 1009 gi|28 13660 13970 
57 912 gi|28 13708 13970 
169 494 gi|28 13803 13970 
59 281 gi|28 13851 13970 
226 544 gi|28 15970 16195 
91 487 gi|28 16006 16204 
197 359 gi|28 16503 16588 
101 259 gi|28 17550 17694 
7 266 gi|28 17552 17720 
155 2954 gi|29 39806 40379 
219 864 gi|29 40131 40378 
217 677 gi|29 40133 40299 
120 732 gi|3 14835 15419 
122 258 gi|3 34464 34694 
124 250 gi|3 40690 41005 
145 266 gi|30 6507 6640 
223 277 gi|30 6511 6722 
221 576 gi|30 7662 7850 
147 519 gi|30 7689 7855 
11 272 gi|30 10005 10114 
77 285 gi|30 10013 10093 
83 528 gi|30 23420 24172 
225 479 gi|30 23932 24697 
53 284 gi|30 24045 24493 
87 250 gi|30 24045 24170 
89 6100 gi|30 24541 25711 
85 267 gi|30 24543 24794 
227 544 gi|30 25197 25426 
243 313 gi|30 25274 25404 
81 3039 gi|30 25722 26241 
211 2390 gi|30 27368 28471 
233 882 gi|30 28495 28824 
241 1748 gi|30 28894 29377 
209 2032 gi|30 31652 32712 
231 863 gi|30 32718 33056 
239 1864 gi|30 33127 33671 
129 1909 gi|30 34239 35379 
127 2636 gi|30 34361 35382 
213 722 gi|30 35425 36027 
215 916 gi|30 36149 36393 
235 669 gi|30 36459 36741 
237 1888 gi|30 36817 37355 
135 330 gi|31 14592 14738 
229 279 gi|31 21048 21128 
97 303 gi|32 19204 19276 
61 256 gi|32 24611 24843 
0 251 gi|4 39 186 
80 3039 gi|5 8154 8701 
82 528 gi|5 9192 9876 
84 267 gi|5 9417 9649 
86 250 gi|5 10228 10347 
88 6100 gi|5 10230 11430 
90 487 gi|5 10941 11151 
92 277 gi|5 10969 11099 
94 298 gi|5 15056 15189 
96 303 gi|5 15580 15656 
98 339 gi|5 17250 17429 
100 259 gi|5 17296 17440 
102 1305 gi|5 21878 22349 
104 2310 gi|5 22200 22557 
106 1495 gi|5 22860 23191 
108 769 gi|5 22896 23068 
110 1307 gi|5 23684 23952 
112 1221 gi|5 23703 23926 
123 258 gi|5 27015 27242 
114 276 gi|5 27546 28055 
2 840 gi|8 2348 2526 
4 289 gi|8 32598 32708 
6 266 gi|9 8599 8775 
99 339 gi|9 8610 8795 
8 312 gi|9 12349 12430 
10 272 gi|9 12366 12470 
12 402 gi|9 22299 23102 
14 255 gi|9 23147 23266 
16 429 gi|9 23952 24062 
18 277 gi|9 23972 24057 
20 1593 gi|9 24002 24449 
22 777 gi|9 24121 24458 
5 289 gi|9 24539 24671 
24 1207 gi|9 24754 25030 
26 984 gi|9 24768 24890 
28 919 gi|9 24967 25324 
30 387 gi|9 24969 25362 
32 751 gi|9 25014 25348 
34 711 gi|9 25023 25316 
36 1313 gi|9 25028 25352 
40 974 gi|9 25034 25352 
38 1288 gi|9 25034 25323 
42 706 gi|9 25034 25288 
44 1101 gi|9 25035 25383 
46 1260 gi|9 25038 25352 
48 1113 gi|9 25040 25350 
50 557 gi|9 25040 25310 
52 284 gi|9 25042 25401 
54 564 gi|9 25097 25302 
56 912 gi|9 25106 25352 
58 281 gi|9 25235 25352 
3 840 gi|9 29639 29817 
60 256 gi|9 33423 33646 
115 276 gi|9 33504 33985 
62 347 gi|9 35238 35345 
64 265 gi|9 35243 35380 
66 1974 gi|9 35268 35738 
68 2005 gi|9 35440 35897 
70 3113 gi|9 35972 36495 
72 303 gi|9 36012 36045 
74 3396 gi|9 36015 36504 
76 285 gi|9 38538 38609 
78 705 gi|9 38541 38631 
