272 732 gi|1 14835 15419 
274 258 gi|1 34464 34694 
276 250 gi|1 40690 41005 
58 428 gi|10 7319 7620 
60 587 gi|10 7996 8935 
62 2954 gi|10 19777 20347 
257 876 gi|10 19790 20229 
251 674 gi|10 19859 20022 
64 272 gi|10 20200 20338 
263 345 gi|10 30695 30822 
156 3039 gi|11 8154 8701 
158 9151 gi|11 9192 11409 
160 1432 gi|11 9335 10612 
162 1093 gi|11 9341 10109 
164 269 gi|11 9343 9877 
166 355 gi|11 9372 10560 
168 257 gi|11 9433 10289 
170 292 gi|11 9528 10403 
172 814 gi|11 9642 9927 
174 486 gi|11 9753 10495 
176 256 gi|11 9878 10603 
178 737 gi|11 10016 10388 
180 251 gi|11 10264 10483 
182 291 gi|11 10265 10576 
184 674 gi|11 10390 10529 
186 487 gi|11 10941 11151 
188 277 gi|11 10969 11099 
155 301 gi|11 15056 15189 
190 303 gi|11 15580 15656 
192 339 gi|11 17250 17429 
194 259 gi|11 17296 17440 
196 1305 gi|11 21878 22349 
198 2310 gi|11 22200 22557 
200 1495 gi|11 22860 23191 
202 769 gi|11 22896 23068 
213 1386 gi|11 23684 23952 
153 1212 gi|11 23703 23926 
275 258 gi|11 27015 27242 
204 276 gi|11 27546 28055 
63 2954 gi|12 39806 40379 
261 864 gi|12 40131 40378 
253 677 gi|12 40133 40299 
66 863 gi|13 1 322 
68 882 gi|13 8 337 
70 669 gi|13 36 326 
72 1888 gi|13 315 852 
74 1864 gi|13 315 852 
76 1748 gi|13 315 837 
78 618 gi|13 5848 6097 
147 426 gi|13 5985 6097 
80 1173 gi|13 6066 6278 
151 341 gi|13 6235 6307 
82 437 gi|13 6303 6409 
84 964 gi|13 6376 6601 
149 491 gi|13 6509 6609 
86 1075 gi|13 6566 6850 
141 3595 gi|13 6736 7630 
88 2344 gi|13 6826 7432 
90 296 gi|13 6843 7033 
92 2632 gi|13 7283 7682 
94 979 gi|13 7363 7483 
96 1898 gi|13 7687 8221 
189 277 gi|13 7723 7842 
98 313 gi|13 7723 7842 
137 2361 gi|13 7847 8255 
100 784 gi|13 7926 8274 
102 503 gi|13 12220 12743 
104 523 gi|13 12235 12925 
106 444 gi|13 12236 12903 
108 558 gi|13 12251 12903 
110 395 gi|13 12251 12903 
112 569 gi|13 12288 12884 
114 424 gi|13 12289 12925 
116 331 gi|13 12309 12903 
118 361 gi|13 12448 12891 
120 423 gi|13 12460 12925 
122 261 gi|13 12614 12806 
124 407 gi|13 13994 14104 
126 328 gi|13 13994 14081 
128 379 gi|13 33696 33850 
0 330 gi|14 14592 14738 
217 279 gi|14 21048 21128 
259 273 gi|15 9023 9201 
249 297 gi|15 9023 9126 
2 266 gi|16 8599 8775 
193 339 gi|16 8610 8795 
4 312 gi|16 12349 12430 
6 272 gi|16 12366 12470 
8 402 gi|16 22299 23102 
125 407 gi|16 23952 24062 
10 277 gi|16 23972 24057 
135 1597 gi|16 24002 24449 
101 784 gi|16 24121 24458 
12 297 gi|16 24539 24671 
145 1200 gi|16 24754 25030 
95 979 gi|16 24768 24890 
14 919 gi|16 24967 25324 
119 361 gi|16 24969 25362 
16 751 gi|16 25014 25348 
18 711 gi|16 25023 25316 
20 1313 gi|16 25028 25352 
24 974 gi|16 25034 25352 
22 1288 gi|16 25034 25323 
26 706 gi|16 25034 25288 
28 1101 gi|16 25035 25383 
30 1260 gi|16 25038 25352 
32 1113 gi|16 25040 25350 
34 557 gi|16 25040 25310 
36 284 gi|16 25042 25401 
38 564 gi|16 25097 25302 
40 912 gi|16 25106 25352 
123 261 gi|16 25175 25348 
42 281 gi|16 25235 25352 
44 845 gi|16 29639 29817 
46 256 gi|16 33423 33646 
205 276 gi|16 33504 33985 
127 328 gi|16 35238 35345 
48 265 gi|16 35243 35380 
133 1960 gi|16 35268 35738 
97 1898 gi|16 35440 35897 
93 2632 gi|16 35972 36345 
139 303 gi|16 36012 36045 
143 3383 gi|16 36015 36504 
89 2344 gi|16 36140 36714 
79 618 gi|16 36424 36714 
87 1075 gi|16 36427 36717 
85 964 gi|16 36441 36680 
83 437 gi|16 36495 36603 
81 1173 gi|16 36503 36712 
91 296 gi|16 36519 36701 
50 285 gi|16 38538 38609 
52 705 gi|16 38541 38631 
45 845 gi|18 2348 2526 
13 297 gi|18 32598 32708 
54 2636 gi|19 33209 34240 
56 1909 gi|19 36589 37736 
208 427 gi|2 930 1166 
210 262 gi|2 4994 5126 
212 1386 gi|2 19553 19826 
214 1321 gi|2 19576 19814 
216 279 gi|2 25912 25992 
218 256 gi|20 6507 6640 
269 277 gi|20 6511 6722 
265 576 gi|20 7662 7850 
220 504 gi|20 7689 7855 
222 250 gi|20 9943 10064 
7 272 gi|20 10005 10114 
51 285 gi|20 10013 10093 
161 1432 gi|20 23392 24616 
159 9151 gi|20 23420 25660 
179 737 gi|20 23494 23848 
183 291 gi|20 23495 23805 
175 486 gi|20 23550 24326 
173 814 gi|20 23567 23854 
177 256 gi|20 23570 24317 
185 674 gi|20 23957 24115 
163 1093 gi|20 23968 24853 
37 284 gi|20 24045 24493 
165 269 gi|20 24406 24903 
224 533 gi|20 25197 25426 
99 313 gi|20 25274 25404 
157 3039 gi|20 25722 26241 
281 2390 gi|20 27368 28471 
69 882 gi|20 28495 28824 
77 1748 gi|20 28894 29377 
279 2032 gi|20 31652 32712 
67 863 gi|20 32718 33056 
75 1864 gi|20 33127 33671 
57 1909 gi|20 34239 35379 
55 2636 gi|20 34361 35382 
283 722 gi|20 35425 36027 
285 916 gi|20 36149 36393 
71 669 gi|20 36459 36741 
73 1888 gi|20 36817 37355 
207 253 gi|24 10104 10205 
131 250 gi|24 14182 14274 
203 769 gi|26 19993 20161 
201 1495 gi|26 20062 20372 
199 2310 gi|26 20313 20672 
197 1305 gi|26 20719 21204 
9 402 gi|26 35822 36634 
53 705 gi|26 38905 38995 
5 312 gi|26 38917 38997 
223 250 gi|26 38922 39032 
277 250 gi|27 341 646 
1 330 gi|28 14820 14964 
59 428 gi|28 21599 21900 
61 587 gi|28 22318 23233 
271 304 gi|28 34025 34203 
219 256 gi|28 34031 34164 
221 504 gi|28 35386 35547 
267 337 gi|28 35420 35543 
255 3097 gi|28 40432 41080 
65 272 gi|28 40497 40625 
129 379 gi|29 2979 3133 
19 711 gi|29 15982 16312 
117 331 gi|29 16007 16554 
226 1152 gi|29 16008 16413 
167 355 gi|29 16035 17168 
228 1009 gi|29 16054 16361 
230 494 gi|29 16054 16222 
107 444 gi|29 16075 16718 
232 1536 gi|29 16080 16574 
234 1409 gi|29 16107 16890 
15 919 gi|29 16135 16514 
236 1302 gi|29 16148 16739 
238 2039 gi|29 16170 17031 
181 251 gi|29 16227 16423 
111 395 gi|29 16234 16869 
17 751 gi|29 16256 16529 
27 706 gi|29 16392 16670 
109 558 gi|29 16459 17010 
25 974 gi|29 16469 16819 
240 1188 gi|29 16601 17302 
169 257 gi|29 16602 17293 
115 424 gi|29 16651 17182 
23 1288 gi|29 16654 16961 
242 352 gi|29 16686 17337 
244 1892 gi|29 16749 17330 
33 1113 gi|29 16761 17097 
113 569 gi|29 16797 17304 
21 1313 gi|29 16912 17266 
39 564 gi|29 17115 17337 
49 265 gi|29 18188 18316 
11 277 gi|29 18230 18321 
246 359 gi|29 18499 18601 
278 2032 gi|3 290 1253 
280 2390 gi|3 293 1254 
282 722 gi|3 367 952 
284 916 gi|3 1009 1254 
191 303 gi|30 19204 19276 
47 256 gi|30 24611 24843 
273 732 gi|32 10262 10801 
243 352 gi|32 13053 13695 
239 2039 gi|32 13054 13970 
171 292 gi|32 13055 13962 
241 1188 gi|32 13147 13787 
235 1409 gi|32 13165 13970 
237 1302 gi|32 13305 13970 
35 557 gi|32 13308 13599 
105 523 gi|32 13378 13968 
29 1101 gi|32 13378 13757 
233 1536 gi|32 13383 13969 
245 1892 gi|32 13396 13970 
121 423 gi|32 13414 13827 
227 1152 gi|32 13474 13883 
103 503 gi|32 13522 13970 
31 1260 gi|32 13558 13908 
229 1009 gi|32 13660 13970 
41 912 gi|32 13708 13970 
231 494 gi|32 13803 13970 
43 281 gi|32 13851 13970 
225 533 gi|32 15970 16195 
187 487 gi|32 16006 16204 
247 359 gi|32 16503 16588 
195 259 gi|32 17550 17694 
3 266 gi|32 17552 17720 
286 510 gi|4 31550 31638 
288 359 gi|4 31741 31800 
206 253 gi|5 11440 11531 
211 262 gi|6 39 186 
248 297 gi|7 1 103 
250 674 gi|7 55 247 
252 677 gi|7 55 245 
254 3097 gi|7 244 912 
256 876 gi|7 738 1178 
258 273 gi|7 838 1015 
260 864 gi|7 965 1190 
262 345 gi|7 20350 20487 
264 576 gi|7 21041 21243 
266 337 gi|7 21044 21171 
268 277 gi|7 22096 22316 
270 304 gi|7 22139 22317 
287 510 gi|7 34117 34204 
289 359 gi|7 34200 34260 
130 250 gi|8 8615 8703 
132 1960 gi|8 20245 20739 
134 1597 gi|8 20245 20672 
136 2361 gi|8 20371 20739 
138 303 gi|8 20788 20821 
140 3595 gi|8 20824 21610 
142 3383 gi|8 20824 21311 
144 1200 gi|8 20958 21272 
146 426 gi|8 21488 21607 
148 491 gi|8 21505 21607 
150 341 gi|8 21535 21607 
215 1321 gi|8 26454 26691 
152 1212 gi|8 26454 26687 
209 427 gi|8 28136 28371 
154 301 gi|8 36229 36371 
