#  fam    ele   dir  sequence    start     end
     1      1  1      gi|10    33209    34240 
     1     81 -1      gi|30    34239    35380 
     1      2  1      gi|10    36589    37736 
     2      3  1      gi|11    11440    11531 
     2     14 -1      gi|17    10104    10205 
     3      4  1      gi|12    31550    31638 
     3     39  1      gi|22    34117    34204 
     4      5  1      gi|12    31741    31800 
     4     40  1      gi|22    34200    34260 
     5      6  1      gi|13    14820    14964 
     5     86 -1      gi|31    14592    14738 
     6      7  1      gi|13    21599    21900 
     6     19  1      gi|19     7319     7620 
     7      8  1      gi|13    22318    23233 
     7     20  1      gi|19     7996     8935 
     8      9  1      gi|13    32169    32292 
     8     41  1      gi|23    13929    14064 
     9     10  1      gi|13    34025    34203 
     9     38 -1      gi|22    22096    22316 
     9     68  1      gi|30     6511     6722 
    10     11  1      gi|13    35386    35547 
    10     69  1      gi|30     7662     7852 
    10     37 -1      gi|22    21041    21243 
    11     12  1      gi|13    40432    41080 
    11     34  1      gi|22      244      912 
    12     13  1      gi|15      291     1253 
    12     75  1      gi|30    27368    28471 
    12     78  1      gi|30    31652    32712 
    12     82  1      gi|30    35425    36027 
    12     83  1      gi|30    36149    36393 
    13     15  1      gi|18     2979     3133 
    13     54 -1      gi|25    33696    33850 
    14     16  1      gi|18    15982    17337 
    14     60  1      gi|28    13054    13967 
    15     17  1      gi|18    18188    18316 
    15    115 -1       gi|9    35240    35897 
    15     24 -1      gi|20    20245    20739 
    15     53  1      gi|25    13994    14104 
    15    109 -1       gi|9    23952    24453 
    15     51  1      gi|25     7687     8274 
    16     18  1      gi|18    18499    18601 
    16     62  1      gi|28    16503    16588 
    17     21  1      gi|19    19777    20347 
    17     35 -1      gi|22      738     1190 
    17     64 -1      gi|29    39806    40379 
    17     23  1       gi|2     9023     9201 
    17     33 -1      gi|22       55      246 
    17     32 -1      gi|22        1      103 
    18     22  1      gi|19    30695    30822 
    18     36 -1      gi|22    20350    20487 
    19     25  1      gi|20    20789    20821 
    19    119  1       gi|9    36015    36497 
    19     26  1      gi|20    20824    21563 
    19     49 -1      gi|25     6025     6095 
    19    111  1       gi|9    24754    25030 
    19    120 -1      gi|25     6785     7633 
    19    118  1       gi|9    35972    36016 
    20     27  1      gi|20    26454    26689 
    20     57  1      gi|27    19553    19826 
    20    100 -1       gi|5    23684    23952 
    21     28  1      gi|20    28136    28371 
    21     55 -1      gi|27      930     1166 
    22     29  1      gi|20    34024    34151 
    22    108  1       gi|9    23147    23266 
    23     30  1      gi|20    36229    36371 
    23     94 -1       gi|5    15056    15189 
    24     31  1      gi|21      341      646 
    24     67  1       gi|3    40690    41005 
    25     42  1      gi|23    19993    20372 
    25     99 -1       gi|5    22860    23191 
    26     43  1      gi|23    20313    20672 
    26     98 -1       gi|5    22200    22557 
    27     44  1      gi|23    20719    21204 
    27     97 -1       gi|5    21878    22349 
    28     45  1      gi|23    35822    36634 
    28    107  1       gi|9    22299    23102 
    29     46  1      gi|23    38905    38995 
    29    117  1       gi|9    38539    38631 
    29     70 -1      gi|30    10009    10114 
    29    106 -1       gi|9    12349    12470 
    30     48  1      gi|25      315      852 
    30     77  1      gi|30    28894    29377 
    30     80  1      gi|30    33127    33671 
    30     85  1      gi|30    36817    37355 
    31     52  1      gi|25    12220    12925 
    32     56  1      gi|27     4994     5126 
    32     90 -1       gi|4       39      186 
    33     58  1      gi|27    25912    25992 
    33     87  1      gi|31    21048    21128 
    34     59  1      gi|28    10262    10801 
    34     65  1       gi|3    14835    15419 
    35     61  1      gi|28    15970    16195 
    35     73  1      gi|30    24541    25711 
    35     93  1       gi|5    10229    11430 
    35     71  1      gi|30    23420    24171 
    36     63  1      gi|28    17552    17720 
    36    105  1       gi|9     8599     8795 
    36     96 -1       gi|5    17250    17440 
    37     66  1       gi|3    34464    34694 
    37    101 -1       gi|5    27015    27242 
    38     72  1      gi|30    23932    24794 
    39     74  1      gi|30    25722    26241 
    39     91  1       gi|5     8154     8701 
    40     79  1      gi|30    32721    33056 
    40    121  1      gi|25        6      323 
    40     84  1      gi|30    36459    36739 
    40    122  1      gi|30    28495    28811 
    41     88  1      gi|32    19204    19276 
    41     95  1       gi|5    15580    15656 
    42     89  1      gi|32    24611    24843 
    42    114 -1       gi|9    33423    33985 
    42    102  1       gi|5    27546    28055 
    43     92  1       gi|5     9192     9876 
    44    103  1       gi|8     2348     2526 
    44    113  1       gi|9    29639    29817 
    45    104  1       gi|8    32598    32708 
    45    110 -1       gi|9    24539    24671 
    46    112  1       gi|9    24967    25401 
