1 gi|10 33209 34240
2 gi|10 36589 37736
3 gi|11 11440 11531
4 gi|12 31550 31638
5 gi|12 31741 31800
6 gi|13 14820 14964
7 gi|13 21599 21900
8 gi|13 22318 23233
9 gi|13 32169 32292
10 gi|13 34025 34203
11 gi|13 35386 35547
12 gi|13 40432 41080
13 gi|15 290 1254
14 gi|17 10104 10205
15 gi|18 2979 3133
16 gi|18 15982 17337
17 gi|18 18188 18321
18 gi|18 18499 18601
19 gi|19 7319 7620
20 gi|19 7996 8935
21 gi|19 19777 20347
22 gi|19 30695 30822
23 gi|2 9023 9201
24 gi|20 20245 20739
25 gi|20 20788 20821
26 gi|20 20824 21564
27 gi|20 26454 26691
28 gi|20 28136 28371
29 gi|20 34024 34151
30 gi|20 36229 36371
31 gi|21 341 646
32 gi|22 1 103
33 gi|22 55 247
34 gi|22 244 912
35 gi|22 738 1190
36 gi|22 20350 20487
37 gi|22 21041 21243
38 gi|22 22096 22317
39 gi|22 34117 34204
40 gi|22 34200 34260
41 gi|23 13929 14064
42 gi|23 19993 20372
43 gi|23 20313 20672
44 gi|23 20719 21204
45 gi|23 35822 36634
46 gi|23 38905 38997
47 gi|25 1 337
48 gi|25 315 852
49 gi|25 6025 6095
50 gi|25 6785 7682
51 gi|25 7687 8274
52 gi|25 12220 12925
53 gi|25 13994 14104
54 gi|25 33696 33850
55 gi|27 930 1166
56 gi|27 4994 5126
57 gi|27 19553 19826
58 gi|27 25912 25992
59 gi|28 10262 10801
60 gi|28 13053 13970
61 gi|28 15970 16204
62 gi|28 16503 16588
63 gi|28 17550 17720
64 gi|29 39806 40379
65 gi|3 14835 15419
66 gi|3 34464 34694
67 gi|3 40690 41005
68 gi|30 6507 6722
69 gi|30 7662 7855
70 gi|30 10005 10114
71 gi|30 23420 24172
72 gi|30 23932 24794
73 gi|30 24541 25711
74 gi|30 25722 26241
75 gi|30 27368 28471
76 gi|30 28495 28824
77 gi|30 28894 29377
78 gi|30 31652 32712
79 gi|30 32718 33056
80 gi|30 33127 33671
81 gi|30 34239 35382
82 gi|30 35425 36027
83 gi|30 36149 36393
84 gi|30 36459 36741
85 gi|30 36817 37355
86 gi|31 14592 14738
87 gi|31 21048 21128
88 gi|32 19204 19276
89 gi|32 24611 24843
90 gi|4 39 186
91 gi|5 8154 8701
92 gi|5 9192 9876
93 gi|5 10228 11430
94 gi|5 15056 15189
95 gi|5 15580 15656
96 gi|5 17250 17440
97 gi|5 21878 22349
98 gi|5 22200 22557
99 gi|5 22860 23191
100 gi|5 23684 23952
101 gi|5 27015 27242
102 gi|5 27546 28055
103 gi|8 2348 2526
104 gi|8 32598 32708
105 gi|9 8599 8795
106 gi|9 12349 12470
107 gi|9 22299 23102
108 gi|9 23147 23266
109 gi|9 23952 24458
110 gi|9 24539 24671
111 gi|9 24754 25030
112 gi|9 24967 25401
113 gi|9 29639 29817
114 gi|9 33423 33985
115 gi|9 35238 35897
116 gi|9 35972 36504
117 gi|9 38538 38631
