#Position (bp)	mapping quality
1048.5	39.25186250645423
3144.5	44.01976803660543
5240.5	24.980173158761474
7336.5	18.49401363836966
9432.5	30.17978496722458
11528.5	28.443302262647524
13624.5	26.016257046583306
15720.5	36.287967398743234
17816.5	28.39309344424873
19912.5	17.572996046955556
22008.5	31.964412979723125
24104.5	10.580057174329252
26200.5	38.56518543374399
28296.5	18.65761141712569
30392.5	9.583153347732182
32488.5	9.293699979088645
34584.5	12.021582304004301
36680.5	17.514048686831057
38776.5	25.746233744990594
40872.5	60.0
42968.5	30.237938415939404
45064.5	14.803169412652496
47160.5	35.23509414225941
49256.5	37.683797435979415
51352.5	8.198336839430176
53448.5	6.707385677553166
55544.5	50.06937265946581
57640.5	56.58302555768947
59736.5	28.790441235913274
61832.5	35.556569343065696
63928.5	37.21995682417846
66024.5	2.7716992147040544
68120.5	2.3556614517772583
70216.5	13.274053755761864
72312.5	34.643262173348134
74408.5	56.46464661930426
76504.5	60.0
78600.5	59.104230037310636
80696.5	48.47070797338894
82792.5	60.0
84888.5	54.68530703468109
86984.5	45.53333219987419
89080.5	14.159226905154398
91176.5	14.892655769739655
93272.5	16.288395560040364
95368.5	17.928523574240014
97464.5	10.824349112426036
99560.5	2.7235092601099926
101656.5	3.7545575959933224
103752.5	15.411405857061734
105848.5	14.29128708245737
107944.5	24.709189346605953
110040.5	46.22390660840371
112136.5	60.0
114232.5	30.586018001514805
116328.5	52.565338059504505
118424.5	59.42207062494216
120520.5	51.453866821359874
122616.5	53.06095484462491
124712.5	58.87117200255555
126808.5	24.40393289328933
128904.5	11.106370733660293
131000.5	4.663517291364672
133096.5	42.0609099603771
135192.5	60.0
137288.5	59.13278557310639
139384.5	52.13285261830817
141480.5	21.588994818059493
143576.5	59.97669859227357
145672.5	59.14400956080072
147768.5	41.9850070760996
149864.5	14.17749544686547
151960.5	42.37596717657131
154056.5	57.364244162790435
156152.5	42.45776524594674
158248.5	6.66216976684056
160344.5	14.375003828601182
162440.5	19.211847557908353
164536.5	24.670262928995438
166632.5	24.640507061819864
168728.5	25.794443243668088
170824.5	45.89692207732264
172920.5	51.225499076282894
175016.5	4.979944173370258
177112.5	16.728232024245088
179208.5	28.601973738405523
181304.5	22.850534373194684
183400.5	28.587916069501926
185496.5	29.251800246609125
187592.5	14.663772934367689
189688.5	22.699704995831464
191784.5	21.463147702599613
193880.5	17.718660752263474
195976.5	32.036561427845136
198072.5	22.727712438512906
200168.5	35.40906933236534
202264.5	19.428895814084594
204360.5	41.13761310452418
206456.5	42.63897471910112
208552.5	52.26791140675788
210648.5	15.472206501483884
212744.5	12.842672352116304
214840.5	30.814269235358854
216936.5	25.256137619677745
219032.5	56.62271056442245
221128.5	60.0
223224.5	57.576066790352506
225320.5	57.213626990853776
227416.5	30.1830193295816
229512.5	9.336986863063602
231608.5	18.314250533574125
233704.5	56.77940141368679
235800.5	49.03536267250084
237896.5	46.437391479403104
239992.5	33.080536478952894
242088.5	27.304720934130398
244184.5	29.383802290464374
246280.5	38.50641239173884
248376.5	37.24136513783812
250472.5	32.253651464650574
252568.5	39.256285062971884
254664.5	32.68375799695839
256760.5	30.20142080170737
258856.5	37.654761904761905
260952.5	7.81062687226494
263048.5	4.486296254098464
265144.5	1.1718980581387177
267240.5	1.8246104727100017
269336.5	3.2629898918247915
271432.5	1.3685416024313968
273528.5	26.487179487179485
275624.5	38.46311213190058
277720.5	25.031359365788187
279816.5	26.563872100831656
281912.5	34.17628353674237
284008.5	33.51215611836289
286104.5	17.816793473026706
288200.5	18.87338997340943
290296.5	30.31358373094379
292392.5	43.53437457091858
294488.5	19.88310357547853
296584.5	32.53285177427304
298680.5	42.49695731937979
300776.5	17.21063312177086
302872.5	25.70943191084534
304968.5	51.67806540424389
307064.5	35.584138697730886
309160.5	32.02527070038226
311256.5	32.88239440042774
313352.5	31.91889512043133
315448.5	33.841089324618736
317544.5	2.8258554414266808
319640.5	5.51867939247431
321736.5	0.2941034077766521
323832.5	2.772150312404891
325928.5	4.98578656640208
328024.5	1.3505315922224705
330120.5	1.4913348774615265
332216.5	3.0062115728081684
334312.5	5.330336135986431
336408.5	34.585356757548716
338504.5	60.0
340600.5	40.85309858450458
342696.5	30.292575618698443
344792.5	56.66997883269742
346888.5	56.26112203682375
348984.5	21.66803556973548
351080.5	0.1984977608580613
353176.5	0.31974192773461796
355272.5	1.8290522964079092
357368.5	25.04648978633482
359464.5	60.0
361560.5	30.270515849321114
363656.5	2.5146044945002894
365752.5	0.0
367848.5	1.7557575892956865
369944.5	2.99830740710889
372040.5	0.0
374136.5	0.0
376232.5	15.347597103357472
377546.0	60.0
378594.0	37.71839793775062
380424.5	4.716690364953619
382520.5	11.298176678884264
384616.5	20.23462558403839
386712.5	52.10910962429233
388808.5	44.24350863130171
390904.5	58.21455388332082
393000.5	60.0
395096.5	33.08715230192316
397192.5	5.731085934534412
399288.5	0.4567772390096657
401384.5	13.272128846860694
403480.5	5.04878662698589
405576.5	4.5182873870106475
407672.5	0.7391642310801567
409768.5	1.680672268907563
411864.5	0.1371553970648745
413960.5	0.427418078201678
416056.5	11.092464844786415
418152.5	45.45081309110703
420248.5	59.876437429537766
422344.5	60.0
424440.5	53.17320703653586
426536.5	44.69206446512978
428632.5	19.50131418379799
430728.5	24.9059336875538
432824.5	23.401832169331364
434920.5	59.32953457192109
437016.5	59.69646404941542
439112.5	58.24072023585531
441208.5	12.919991028708134
443304.5	26.75153472733798
445400.5	30.02115031479538
447496.5	19.483125923906776
449592.5	53.30122616834427
451688.5	55.480959142520476
453784.5	7.696036873621178
455880.5	39.591693621536514
457976.5	42.49173927613941
460072.5	59.51596802903913
462168.5	18.25015801293689
464264.5	25.275946363220495
466360.5	23.42284932112933
468456.5	16.00052450074086
470552.5	16.8631878492024
472648.5	27.193641450052453
474744.5	11.11614591853427
476840.5	13.155146597729686
478936.5	52.13617142501046
481032.5	59.73318977119785
483128.5	30.927819294376484
485224.5	59.87656210150472
487320.5	27.44369756309109
489416.5	14.013823778819539
491512.5	9.23120085351879
493608.5	10.1853337729904
495704.5	3.0768307136936532
497800.5	6.716051634183859
499896.5	4.1282375516195495
501992.5	0.7831300293779537
504088.5	3.320192405778451
506184.5	34.09632006904084
508280.5	34.11834342001975
510376.5	25.64836006947992
512472.5	24.738942786528458
514568.5	12.724770183852918
516664.5	15.680866681041008
518760.5	54.41186607582472
520856.5	4.917781614156237
522952.5	1.248701656225354
525048.5	40.133632311298385
527144.5	30.387773218079687
529240.5	15.689596638038612
531336.5	1.323744496876071
533432.5	0.9416264855237396
535528.5	9.175799489600502
537624.5	5.272752628082578
539720.5	15.112631496573544
541816.5	29.65484836214286
543912.5	51.94134950670126
546008.5	14.957904611145311
548104.5	16.53633405639913
550200.5	32.95675370576931
552296.5	31.942663701647284
554392.5	5.474190757695912
556488.5	2.0502618532225405
558584.5	20.61336890204988
560680.5	37.65140460930042
562776.5	44.86364838172854
564872.5	14.62302988545345
566968.5	3.651657696890021
569064.5	9.057147072844074
571160.5	13.035176730926416
573256.5	31.43123390360559
575352.5	57.2729050562367
577448.5	60.0
579544.5	32.46584838722831
581640.5	59.99899281541664
583736.5	35.765871657347176
585832.5	23.090733018314417
587928.5	28.065695502241297
590024.5	59.99890334844275
592120.5	14.578042894065693
594216.5	8.183147575769057
596312.5	59.999005547995395
598408.5	59.998981462619675
600504.5	59.99897235638681
602600.5	60.0
604696.5	54.0228258482486
606792.5	41.437709516316616
608888.5	16.102644316819973
610984.5	37.2181529406269
613080.5	28.301518880426393
615176.5	8.346013280485922
617272.5	15.871067432187006
619368.5	0.7840231868954961
621464.5	3.1716391716391716
623560.5	4.805658276925439
625656.5	6.78749887119593
627752.5	38.320512599686516
629848.5	33.17625218714881
631944.5	57.763970048451036
634040.5	28.889502435561166
636136.5	40.16958593196561
638232.5	0.5896285557558185
640328.5	0.12022321970156497
642424.5	8.690759575849384
644520.5	6.791141896250462
646616.5	14.663753809744382
648712.5	6.78799454992296
650808.5	3.07936076668478
652904.5	2.4182985386221296
655000.5	4.211197931966394
657096.5	0.2061723748588634
659192.5	4.599466807676206
661288.5	4.86253084692294
663384.5	15.189804845984723
665480.5	9.108407000889944
667576.5	18.26838096039729
669672.5	25.793202435436417
671768.5	9.980631692890556
673864.5	6.513701511218722
675960.5	8.631532130028939
678056.5	2.312120206566149
680152.5	8.564589690950452
682248.5	22.714323819685248
684344.5	34.51717001170992
686440.5	8.880330155377365
688536.5	5.83222547890715
690632.5	17.093961724296165
692728.5	6.743833274255093
694824.5	5.158034187189196
696920.5	14.016831694025022
699016.5	33.493313146606106
701112.5	30.364791168596515
703208.5	7.687802849601783
705304.5	6.466948346721093
707400.5	9.65494990168636
709496.5	44.56989694589558
711592.5	39.81552302385835
713688.5	26.463364587579836
715784.5	12.136009353078721
717880.5	21.338543299938934
719976.5	22.258096423215598
722072.5	7.451444335393512
724168.5	15.171805406898457
726264.5	13.685356200527705
728360.5	11.4868254017401
730456.5	15.359955354374652
732552.5	60.0
734648.5	59.59498504638156
736744.5	59.08400979028367
738840.5	24.277620097579284
740936.5	7.26061646331096
743032.5	5.128089870663604
745128.5	6.044852835288514
747224.5	7.69929258385906
749320.5	0.018242242531517537
751416.5	5.622830500827192
753512.5	12.032796477664053
755608.5	7.092864304168434
757704.5	2.023282276830235
759800.5	28.59003378671056
761896.5	14.511352443175442
763992.5	4.33421347281873
766088.5	0.8071725646523811
768184.5	1.882793708701056
770280.5	3.8224354340540185
772376.5	11.853090766823161
774472.5	5.417227518526482
776568.5	6.452974522158768
778664.5	6.138306193557562
780760.5	1.6757321031326355
782856.5	10.025675661414747
784952.5	1.7220740823906961
787048.5	12.316455696202532
789144.5	15.747471176544378
791240.5	14.91090446979261
793336.5	20.708302383561442
795432.5	16.861649477400153
797528.5	29.274870980547835
799624.5	1.0771158527853357
801720.5	8.631597256193675
803816.5	1.278173798524155
805912.5	3.918699426217449
808008.5	20.96967395045756
810104.5	46.84648774225102
812200.5	26.09893038163387
814296.5	51.60837896751555
816392.5	40.51060347994523
818488.5	34.765293679826435
820584.5	27.35806683435142
822680.5	22.353803688812306
824776.5	25.278750355821234
826872.5	37.637272806330984
828968.5	33.04415789037233
831064.5	29.469549675225597
833160.5	24.758310797440803
835256.5	8.539478281122626
837208.5	0.01215297134574646
