1
391 565
1196 1825
11326 11431
18012 18267
18396 18907
21273 24524
30658 31469
31889 32267
32693 33884
39776 41685
43738 44090
50124 50377
58598 58869
61142 61303
75407 75521
79975 80090
80587 83060
99660 99987
100877 103207
104701 105358
110241 110813
114792 117367
119307 127342
135559 136254
0
467 768
1376 3495
15833 15896
44164 48641
50881 57597
59067 73270
83648 88750
89316 89884
109053 111382
112548 114877
115057 122107
126152 126712
132515 137662
138085 140472
145799 146292
147991 154432
163475 166407
169162 173898
176170 176842
177188 185262
193756 197320
