query	ENA|AP011541|AP011541.2	100.000	21	0	0	1	21	312918	312938	2.00e-05	39.9
query	ENA|AP011541|AP011541.2	100.000	21	0	0	1	21	669525	669505	2.00e-05	39.9
query	ENA|AP011541|AP011541.2	100.000	21	0	0	1	21	714713	714733	2.00e-05	39.9
query	ENA|AP011541|AP011541.2	100.000	21	0	0	1	21	802739	802759	2.00e-05	39.9
query	ENA|AP011541|AP011541.2	100.000	21	0	0	1	21	836324	836344	2.00e-05	39.9
query	ENA|AP011541|AP011541.2	100.000	21	0	0	1	21	1196255	1196235	2.00e-05	39.9
query	ENA|AP011541|AP011541.2	100.000	21	0	0	1	21	1261079	1261099	2.00e-05	39.9
query	ENA|AP011541|AP011541.2	100.000	21	0	0	1	21	1327980	1327960	2.00e-05	39.9
query	ENA|AP011541|AP011541.2	100.000	21	0	0	1	21	1503507	1503487	2.00e-05	39.9
query	ENA|AP011541|AP011541.2	100.000	21	0	0	1	21	1966559	1966579	2.00e-05	39.9
query	ENA|AP011541|AP011541.2	100.000	21	0	0	1	21	2051037	2051057	2.00e-05	39.9
query	ENA|AP011541|AP011541.2	100.000	21	0	0	1	21	2658730	2658750	2.00e-05	39.9
query	ENA|AP011541|AP011541.2	100.000	21	0	0	1	21	3455177	3455197	2.00e-05	39.9
query	ENA|AP011541|AP011541.2	95.238	21	1	0	1	21	3541372	3541352	0.001	34.4
query	ENA|AP011541|AP011541.2	100.000	12	0	0	1	12	764499	764510	2.0	23.3
query	ENA|AP011541|AP011541.2	88.889	18	2	0	3	20	1508480	1508463	2.0	23.3
query	ENA|AP011541|AP011541.2	93.333	15	1	0	1	15	2244817	2244831	2.0	23.3
query	ENA|AP011541|AP011541.2	100.000	12	0	0	1	12	2805142	2805153	2.0	23.3
query	ENA|AP011541|AP011541.2	88.889	18	2	0	1	18	2883198	2883181	2.0	23.3
query	ENA|AP011541|AP011541.2	88.889	18	2	0	4	21	2985448	2985431	2.0	23.3
query	ENA|AP011541|AP011541.2	93.333	15	1	0	1	15	3937431	3937417	2.0	23.3
query	ENA|AP011541|AP011541.2	100.000	11	0	0	2	12	56177	56187	7.2	21.4
query	ENA|AP011541|AP011541.2	100.000	11	0	0	2	12	623787	623777	7.2	21.4
query	ENA|AP011541|AP011541.2	100.000	11	0	0	1	11	1116440	1116450	7.2	21.4
query	ENA|AP011541|AP011541.2	92.857	14	1	0	1	14	1231294	1231307	7.2	21.4
query	ENA|AP011541|AP011541.2	100.000	11	0	0	1	11	1285156	1285166	7.2	21.4
query	ENA|AP011541|AP011541.2	100.000	11	0	0	1	11	1367916	1367926	7.2	21.4
query	ENA|AP011541|AP011541.2	100.000	11	0	0	1	11	1503977	1503987	7.2	21.4
query	ENA|AP011541|AP011541.2	100.000	11	0	0	1	11	1580072	1580082	7.2	21.4
query	ENA|AP011541|AP011541.2	100.000	11	0	0	2	12	1774583	1774593	7.2	21.4
query	ENA|AP011541|AP011541.2	100.000	11	0	0	9	19	1893024	1893034	7.2	21.4
query	ENA|AP011541|AP011541.2	100.000	11	0	0	1	11	2073871	2073861	7.2	21.4
query	ENA|AP011541|AP011541.2	100.000	11	0	0	5	15	2484028	2484018	7.2	21.4
query	ENA|AP011541|AP011541.2	100.000	11	0	0	1	11	2698542	2698532	7.2	21.4
query	ENA|AP011541|AP011541.2	100.000	11	0	0	1	11	2808828	2808838	7.2	21.4
query	ENA|AP011541|AP011541.2	100.000	11	0	0	2	12	3250916	3250926	7.2	21.4
query	ENA|AP011541|AP011541.2	100.000	11	0	0	1	11	3854821	3854811	7.2	21.4
query	ENA|AP011541|AP011541.2	100.000	11	0	0	8	18	4075670	4075680	7.2	21.4
