0
1 2174
2713 37042
38730 39200
43075 45757
46364 55041
56708 57446
59181 62258
64882 71852
72294 72911
73336 73497
79576 80565
85252 85524
87043 95887
96319 107457
108015 109477
113834 114357
114532 115531
117144 117269
121242 122085
125654 125825
126661 132668
137876 139368
140579 142072
148439 152372
156897 163115
163931 169502
170244 170563
173663 182503
182965 187579
188215 196028
196900 207245
208607 214476
215037 216621
216884 217875
223419 223491
225000 225566
226633 231529
235545 235853
236560 236892
238158 304881
305644 326484
327158 336792
339774 343121
345751 346218
348294 357165
363096 376901
1
999 7651
8631 8713
9686 10217
11014 11369
17608 38878
39432 40345
46347 46507
49077 54768
60421 60829
62434 65872
66247 67490
69029 71579
73588 78462
79969 80971
83769 100870
104293 105250
109056 110508
111820 131934
132186 133259
133500 139851
141878 146307
149933 153005
153593 155208
156123 164038
164581 164669
166300 172796
173073 185790
186090 194737
197449 197754
201010 201639
205776 206896
207431 208038
208630 209949
210352 210828
214298 217031
226349 226513
227597 228740
230405 233540
235196 252006
252358 253088
255672 257652
258162 332682
332858 333235
333582 334164
335683 350481
351215 353238
360675 431748
433261 434927
436510 450890
451467 453551
454128 460301
