0
1 37042
38730 39200
43075 45757
46645 55041
56708 57446
59153 62323
64091 67174
67975 72699
73336 73497
87190 109248
113834 114357
114532 115531
121242 122085
125654 125825
126661 132366
137876 139277
140726 142219
148754 152412
157262 163115
163931 164809
165445 169502
170244 170563
173663 174651
175214 181694
181993 194103
195194 207247
208584 216327
216884 217875
225305 225566
226633 231425
235545 235853
236560 236892
238429 301041
301692 336489
340806 342982
345751 346218
348905 357001
363096 376901
1
853 4924
5531 7792
8631 8936
9761 10293
11169 11520
12295 12611
17460 35519
36487 39686
49405 54768
55657 55756
60513 60820
62526 67645
69029 71579
73545 74565
75269 78462
79969 81016
84756 100870
104292 105251
109037 110521
111074 116315
117139 137524
138352 140026
141779 146954
149933 156797
158350 164038
164581 165006
166300 169847
170821 174125
174637 194608
197123 197222
201297 201911
205912 210828
214298 216841
227630 228883
230734 233695
235264 253200
255665 334164
335623 346548
347761 353311
360567 410491
410994 431748
433260 433653
433901 433985
434733 434817
436384 453551
454128 460301
