0
1 88
697 26161
26750 35712
36332 37042
38730 39200
43075 45757
46354 55041
59181 62323
64882 71852
72167 72972
73336 73497
80028 80285
87458 91213
91868 108238
108845 109134
113680 114203
114581 115580
121242 122085
125654 125825
126661 132366
138346 139460
139747 139920
140579 142072
148459 151376
151924 152412
156934 163115
163931 169438
173663 182503
182965 194725
195315 195544
196706 206750
208747 214086
215337 216621
216884 217875
226747 231529
235545 235853
236560 236892
238158 240696
241614 253420
254194 327393
328073 336792
339846 343141
345557 346024
348182 356761
363096 376901
1
853 4924
5019 5138
5531 7788
9686 10217
11113 11452
17460 38901
39432 40333
49405 54428
60590 60829
62369 65414
66247 67490
69029 71579
73700 73954
74643 78203
79969 80917
83769 100499
104626 104750
104823 105251
109037 110521
111074 112771
113595 132952
133646 140026
141884 146463
149933 155208
156123 160940
161528 163977
166649 194706
201087 201911
206176 210828
214382 216557
227773 228916
230364 233324
235086 253200
255859 283088
283675 303179
303719 333576
335683 343581
344315 351695
352235 353238
360915 431748
433260 434855
437322 439668
440513 441436
442326 460301
