#  fam    ele   dir  sequence    start     end
     1      1  1       gi|1    14835    15419 
     1     92  1      gi|32    10262    10801 
     2      2  1       gi|1    34464    34694 
     2     17 -1      gi|11    27015    27242 
     3      3  1       gi|1    40690    41005 
     3     78  1      gi|27      341      646 
     4      4  1      gi|10     7319     7620 
     4     80  1      gi|28    21599    21900 
     5      5  1      gi|10     7996     8935 
     5     81  1      gi|28    22318    23233 
     6      6  1      gi|10    19777    20347 
     6     19 -1      gi|12    39806    40379 
     6    102 -1       gi|7       55      246 
     6    104 -1       gi|7      738     1190 
     6     34  1      gi|15     9023     9201 
     6    101 -1       gi|7        1      103 
     7      7  1      gi|10    30695    30822 
     7    105 -1       gi|7    20350    20487 
     8      8  1      gi|11     8154     8701 
     8     59  1      gi|20    25722    26241 
     9      9  1      gi|11     9192    11409 
     9     58  1      gi|20    23392    25660 
     9     94  1      gi|32    15970    16195 
    10     10  1      gi|11    15056    15189 
    10    116 -1       gi|8    36229    36371 
    11     11  1      gi|11    15580    15656 
    11     90  1      gi|30    19204    19276 
    12     12  1      gi|11    17250    17440 
    12     35 -1      gi|16     8599     8795 
    12     96 -1      gi|32    17552    17720 
    13     13  1      gi|11    21878    22349 
    13     75 -1      gi|26    20719    21204 
    14     14  1      gi|11    22200    22557 
    14     74 -1      gi|26    20313    20672 
    15     15  1      gi|11    22860    23191 
    15     73 -1      gi|26    19993    20372 
    16     16  1      gi|11    23684    23952 
    16     53 -1       gi|2    19553    19826 
    16    114 -1       gi|8    26454    26689 
    17     18  1      gi|11    27546    28055 
    17     43 -1      gi|16    33423    33985 
    17     91  1      gi|30    24611    24843 
    18     21  1      gi|13      315      852 
    18     62  1      gi|20    28894    29377 
    18     65  1      gi|20    33127    33671 
    18     70  1      gi|20    36817    37355 
    19     22  1      gi|13     5848     6097 
    19    113 -1       gi|8    20824    21607 
    19     23  1      gi|13     6066     6307 
    19     25  1      gi|13     6376     6605 
    19     27  1      gi|13     6736     7682 
    19     40 -1      gi|16    24754    25030 
    20     24  1      gi|13     6303     6409 
    20     45 -1      gi|16    35972    36715 
    20     26  1      gi|13     6566     6850 
    20    112 -1       gi|8    20788    20821 
    21     28  1      gi|13     7687     8274 
    21     38 -1      gi|16    23952    24453 
    21    111 -1       gi|8    20245    20739 
    21     44 -1      gi|16    35240    35897 
    21     30  1      gi|13    13994    14104 
    21     87  1      gi|29    18188    18316 
    22     29  1      gi|13    12220    12925 
    23     31  1      gi|13    33696    33850 
    23     85 -1      gi|29     2979     3133 
    24     32  1      gi|14    14592    14738 
    24     79 -1      gi|28    14820    14964 
    25     33  1      gi|14    21048    21128 
    25     54  1       gi|2    25912    25992 
    26     36  1      gi|16    12349    12470 
    27     37  1      gi|16    22299    23102 
    27     76  1      gi|26    35822    36634 
    28     39  1      gi|16    24539    24671 
    28     48 -1      gi|18    32598    32708 
    29     41  1      gi|16    24967    25401 
    30     42  1      gi|16    29639    29817 
    30     47  1      gi|18     2348     2526 
    31     46  1      gi|16    38541    38631 
    31     77  1      gi|26    38905    39032 
    32     49  1      gi|19    33209    34240 
    32     66 -1      gi|20    34239    35380 
    32     50  1      gi|19    36589    37736 
    33     51  1       gi|2      930     1166 
    33    115 -1       gi|8    28136    28371 
    34     52  1       gi|2     4994     5126 
    34    100 -1       gi|6       39      186 
    35     55  1      gi|20     6511     6722 
    35    107 -1       gi|7    22096    22316 
    35     82  1      gi|28    34025    34203 
    36     56  1      gi|20     7662     7852 
    36     83  1      gi|28    35386    35547 
    36    106 -1       gi|7    21041    21243 
    37     57  1      gi|20     9943    10114 
    38     60  1      gi|20    27368    28471 
    38     89  1       gi|3      291     1253 
    38     63  1      gi|20    31652    32712 
    38     67  1      gi|20    35425    36027 
    38     68  1      gi|20    36149    36393 
    39     64  1      gi|20    32721    33056 
    39    117  1      gi|13        6      323 
    39     69  1      gi|20    36459    36739 
    39    118  1      gi|20    28495    28811 
    40     71  1      gi|24    10104    10205 
    40     99 -1       gi|5    11440    11531 
    41     72  1      gi|24    14182    14274 
    41    110 -1       gi|8     8615     8703 
    42     84  1      gi|28    40432    41080 
    42    103  1       gi|7      244      912 
    43     86  1      gi|29    15982    17337 
    43     93  1      gi|32    13054    13967 
    44     88  1      gi|29    18499    18601 
    44     95  1      gi|32    16503    16588 
    45     97  1       gi|4    31550    31638 
    45    108  1       gi|7    34117    34204 
    46     98  1       gi|4    31741    31800 
    46    109  1       gi|7    34200    34260 
