1 gi|1 14835 15419
2 gi|1 34464 34694
3 gi|1 40690 41005
4 gi|10 7319 7620
5 gi|10 7996 8935
6 gi|10 19777 20347
7 gi|10 30695 30822
8 gi|11 8154 8701
9 gi|11 9192 11409
10 gi|11 15056 15189
11 gi|11 15580 15656
12 gi|11 17250 17440
13 gi|11 21878 22349
14 gi|11 22200 22557
15 gi|11 22860 23191
16 gi|11 23684 23952
17 gi|11 27015 27242
18 gi|11 27546 28055
19 gi|12 39806 40379
20 gi|13 1 337
21 gi|13 315 852
22 gi|13 5848 6097
23 gi|13 6066 6307
24 gi|13 6303 6409
25 gi|13 6376 6609
26 gi|13 6566 6850
27 gi|13 6736 7682
28 gi|13 7687 8274
29 gi|13 12220 12925
30 gi|13 13994 14104
31 gi|13 33696 33850
32 gi|14 14592 14738
33 gi|14 21048 21128
34 gi|15 9023 9201
35 gi|16 8599 8795
36 gi|16 12349 12470
37 gi|16 22299 23102
38 gi|16 23952 24458
39 gi|16 24539 24671
40 gi|16 24754 25030
41 gi|16 24967 25401
42 gi|16 29639 29817
43 gi|16 33423 33985
44 gi|16 35238 35897
45 gi|16 35972 36717
46 gi|16 38538 38631
47 gi|18 2348 2526
48 gi|18 32598 32708
49 gi|19 33209 34240
50 gi|19 36589 37736
51 gi|2 930 1166
52 gi|2 4994 5126
53 gi|2 19553 19826
54 gi|2 25912 25992
55 gi|20 6507 6722
56 gi|20 7662 7855
57 gi|20 9943 10114
58 gi|20 23392 25660
59 gi|20 25722 26241
60 gi|20 27368 28471
61 gi|20 28495 28824
62 gi|20 28894 29377
63 gi|20 31652 32712
64 gi|20 32718 33056
65 gi|20 33127 33671
66 gi|20 34239 35382
67 gi|20 35425 36027
68 gi|20 36149 36393
69 gi|20 36459 36741
70 gi|20 36817 37355
71 gi|24 10104 10205
72 gi|24 14182 14274
73 gi|26 19993 20372
74 gi|26 20313 20672
75 gi|26 20719 21204
76 gi|26 35822 36634
77 gi|26 38905 39032
78 gi|27 341 646
79 gi|28 14820 14964
80 gi|28 21599 21900
81 gi|28 22318 23233
82 gi|28 34025 34203
83 gi|28 35386 35547
84 gi|28 40432 41080
85 gi|29 2979 3133
86 gi|29 15982 17337
87 gi|29 18188 18321
88 gi|29 18499 18601
89 gi|3 290 1254
90 gi|30 19204 19276
91 gi|30 24611 24843
92 gi|32 10262 10801
93 gi|32 13053 13970
94 gi|32 15970 16204
95 gi|32 16503 16588
96 gi|32 17550 17720
97 gi|4 31550 31638
98 gi|4 31741 31800
99 gi|5 11440 11531
100 gi|6 39 186
101 gi|7 1 103
102 gi|7 55 247
103 gi|7 244 912
104 gi|7 738 1190
105 gi|7 20350 20487
106 gi|7 21041 21243
107 gi|7 22096 22317
108 gi|7 34117 34204
109 gi|7 34200 34260
110 gi|8 8615 8703
111 gi|8 20245 20739
112 gi|8 20788 20821
113 gi|8 20824 21610
114 gi|8 26454 26691
115 gi|8 28136 28371
116 gi|8 36229 36371
