1
391 565
1076 1823
11324 11431
18012 18907
21233 24064
30656 31453
32286 33506
39776 40101
40382 41685
43667 44161
50124 50377
58598 58871
61142 61303
75407 75522
79595 83060
99660 99987
100877 103207
104703 105350
110221 110813
114772 117367
119307 127343
135559 136253
0
467 3797
15833 15919
44164 73270
83648 89887
109053 111382
112532 115141
115275 122107
126155 126712
132515 140472
145799 146292
147990 148490
148985 154432
163154 166645
168775 173506
173842 173898
176170 185263
193756 196132
196431 197316
