0
3162 4166
8495 8674
12133 14170
18162 33066
38735 39754
56905 66493
67339 71223
74230 75013
76916 77565
78361 78464
79843 113838
116062 119507
121660 121771
130439 131572
131988 133283
134639 137758
141440 141949
150384 154813
157585 158212
160632 162801
179542 219597
220495 220718
223437 228157
1
10431 21563
22805 26668
30402 34691
41301 49026
52808 53820
61389 62833
64218 64268
64586 66451
71521 71623
78283 79092
79542 79931
86447 86864
88967 95706
97927 97986
100801 101843
106734 107588
108088 109968
111230 112233
113932 119236
129443 133453
138374 142419
144100 148075
150159 151103
151952 156468
159503 162725
169986 183865
