88
658
243
58
62
100
42
42
210
785
122
62
100
42
42
214
954
214
96
96
62
100
130
86
349
648
138
34
68
62
100
42
42
155
199
560
78
88
697
194
109
149
276
1820
334
124
167
180
881
116
545
180
625
54
182
329
1274
530
97
71
70
78
102
57
96
72
141
427
618
166
334
369
1131
283
210
239
116
288
1428
254
248
51
156
157
143
36
659
1874
77
251
160
488
383
277
182
81
60
78
64
272
228
264
583
611
519
285
263
251
236
130
911
581
751
395
342
141
71
66
72
144
75
133
662
319
104
813
317
128
192
71
100
171
293
624
31
186
73
101
232
614
227
112
203
260
245
60
89
159
214
87
140
81
65
176
131
82
214
101
763
620
500
434
249
402
481
1325
1147
688
595
490
597
263
119
239
57
87
254
288
366
668
470
99
81
145
102
220
1543
266
128
205
99
87
46
571
441
117
123
723
270
54
342
149
257
306
88
106
272
121
225
191
168
106
135
153
201
195
72
323
516
104
590
86
86
163
115
158
85
216
62
569
696
159
141
99
351
192
192
196
56
69
171
147
174
152
92
162
179
132
107
171
87
124
225
155
434
57
82
160
204
277
228
534
566
517
406
380
161
137
339
1688
359
1239
141
367
137
113
227
105
168
577
83
89
74
128
622
852
392
150
139
80
155
258
426
309
391
107
785
133
287
329
1581
3772
2151
202
433
216
1095
2129
86
472
1108
328
168
106
77
144
231
91
122
108
246
146
118
160
32
66
72
740
211
1605
698
183
168
83
256
459
464
345
396
581
227
142
62
589
67
232
1089
103
405
1878
519
173
154
85
574
245
170
169
209
425
79
129
120
271
97
106
75
76
105
102
132
98
70
89
111
130
99
105
135
205
129
79
34
287
471
2718
685
2687
516
1785
239
101
197
567
334
124
137
81
58
115
75
79
71
190
112
1638
227
333
247
129
216
124
363
521
187
134
113
124
150
156
80
50
361
486
210
254
271
84
1706
226
67
229
250
86
181
177
132
99
117
96
113
245
234
130
1142
1455
161
363
291
126
56
375
39
40
145
114
2115
1173
391
96
60
45
115
47
350
1385
1426
203
144
307
252
297
46
79
53
473
630
91
186
186
84
42
69
303
39
105
69
126
372
686
188
780
2293
756
427
272
198
96
183
203
127
195
138
105
165
201
147
153
103
116
104
100
567
211
208
251
42
102
99
61
50
86
85
84
80
64
69
81
101
309
627
115
124
81
342
167
842
1615
133
61
136
328
129
585
567
61
68
36
174
41
50
89
75
89
61
117
185
58
266
242
80
125
122
261
101
239
304
783
629
779
96
30
157
85
91
88
201
229
969
278
67
93
94
73
290
99
71
78
87
420
57
58
95
128
84
213
147
106
48
72
59
49
120
98
134
101
129
80
109
126
81
87
94
170
116
760
119
74
125
178
285
40
92
107
72
66
57
53
213
358
477
264
111
87
99
99
99
77
755
281
85
98
98
130
188
285
415
179
84
153
315
358
237
368
593
260
137
58
78
528
700
490
145
91
72
102
613
516
144
63
124
227
168
151
423
348
58
86
48
163
311
364
126
199
61
319
378
415
184
169
69
255
85
113
66
126
48
72
132
137
220
57
66
90
168
94
101
114
72
204
175
89
499
361
237
438
106
591
168
80
71
54
237
208
145
91
186
230
135
68
62
9
200
267
235
63
78
92
79
134
229
245
2733
339
174
63
108
116
127
170
79
112
42
131
549
123
135
224
394
213
419
710
278
80
101
101
67
100
114
138
85
50
267
105
758
554
251
199
1307
125
135
206
1323
412
112
89
85
87
167
636
265
767
626
317
1218
135
337
125
66
68
82
114
101
90
236
270
868
861
1493
807
911
525
852
579
76
94
68
93
105
74
94
97
77
77
115
108
401
166
192
297
421
440
166
75
48
143
73
62
98
305
359
254
179
248
214
216
207
666
222
538
258
393
106
89
1233
357
226
74
278
645
609
567
203
123
195
280
119
81
102
99
126
114
141
733
448
444
746
103
558
1783
503
152
126
144
171
1989
109
82
108
98
99
138
52
114
439
254
142
51
72
69
42
69
138
111
88
56
780
229
81
42
92
70
84
75
196
357
62
70
1329
741
410
294
811
749
685
524
126
87
60
100
809
126
72
82
188
123
476
478
227
54
545
121
78
105
213
63
119
59
356
469
84
782
133
72
99
213
63
119
59
322
659
388
133
72
99
204
63
119
59
322
49
1965
287
97
81
120
213
47
178
470
548
606
1492
1799
615
1597
80
288
84
105
126
72
76
42
56
114
54
126
137
425
1726
545
369
333
136
196
104
156
541
435
150
310
497
89
888
275
397
703
465
342
430
79
79
267
87
347
190
176
67
190
96
95
120
120
99
105
606
187
168
88
147
141
86
93
64
144
188
175
171
70
121
320
2209
387
125
328
769
45
1252
611
592
377
93
81
110
136
99
88
545
183
342
46
360
570
103
359
626
188
1461
1285
1170
115
99
106
52
62
118
131
331
347
45
219
126
60
76
164
63
88
654
796
366
130
461
283
1266
75
176
75
102
54
93
93
105
99
390
936
218
482
1045
197
353
404
778
995
200
362
404
718
284
110
368
346
366
79
418
37
86
96
163
157
274
925
3322
202
191
217
422
129
132
201
142
223
179
230
143
94
151
151
88
352
155
511
119
451
534
531
377
137
153
821
772
351
1398
247
88
89
55
87
65
46
104
115
92
212
116
101
75
163
938
578
424
338
42
255
635
231
345
719
590
1257
2387
1184
171
84
75
65
91
186
164
115
177
114
120
315
90
119
73
57
93
123
98
46
114
84
207
77
220
54
120
75
187
346
66
66
54
162
111
219
123
123
114
233
147
123
138
99
304
224
87
413
319
99
138
256
128
1536
1457
275
101
76
150
62
85
150
252
98
252
297
75
64
45
146
88
31
26
649
1315
703
1641
1214
873
107
526
133
687
567
239
540
102
315
102
315
99
141
122
187
144
69
90
183
77
1078
2089
577
202
131
465
472
490
114
253
104
156
156
854
1711
638
927
1143
701
1136
92
146
499
95
47
151
64
159
122
75
54
74
75
407
619
137
1121
49
72
282
117
1659
151
1309
2564
109
344
182
36
96
78
153
344
79
69
64
83
66
91
158
195
130
753
313
70
615
528
795
661
174
151
275
201
166
578
995
175
259
134
805
144
848
711
277
161
1078
563
1143
70
238
976
124
1059
120
1674
200
242
957
550
307
131
264
80
875
135
68
111
87
209
562
691
324
132
269
85
47
199
261
63
104
77
90
76
359
257
289
111
356
969
782
357
531
177
151
37
59
276
188
436
100
82
33
122
162
443
627
192
82
192
114
94
139
376
639
355
151
84
85
221
639
335
89
130
30
347
298
132
637
149
107
162
93
60
373
298
144
296
182
305
905
865
194
327
49
489
650
141
113
322
