861
3866
785
1571
954
1898
648
2418
2936
1820
2930
1894
1274
2824
618
2430
1614
1428
2515
4193
383
3084
6567
1463
581
3699
1620
2800
1350
1110
2055
4869
620
1447
1514
1325
1147
688
595
1241
3414
668
1934
1543
2520
2367
5650
3788
8165
2934
1707
3080
3088
5405
852
2521
2674
1581
3772
4168
2362
3503
1108
3635
2730
3327
1200
2733
1626
3264
3295
8352
3511
3290
1785
1436
2082
4412
2931
4613
2416
1732
2169
2898
2115
1173
2237
1385
1426
2259
6514
2105
2293
756
6340
2522
309
4918
1975
3126
2075
1495
2856
1395
9197
716
2416
477
2183
2198
1635
1853
1553
3658
2621
3136
7291
2425
958
2105
2149
2733
3192
1202
1522
2978
2155
540
2483
1323
1868
1975
4842
5329
1493
2152
1617
5428
943
1828
3394
1798
1233
1225
1370
5614
2464
558
1783
1800
1989
1965
2955
1555
4747
1897
749
685
5366
2760
2986
12785
926
1242
1492
3659
1803
3133
1726
1584
2177
1865
2730
6314
3707
2209
1044
2404
1335
4884
570
1143
626
3590
2903
3688
1506
1991
3265
1828
3174
3027
2738
1706
925
3322
5068
1495
534
1485
821
1193
1398
3935
1084
2268
2595
1257
2387
8234
4595
2305
727
490
1536
1457
2286
2211
1315
2997
1214
1885
1975
3893
1078
2089
1624
472
2020
3006
1681
1143
1925
3925
2097
2965
1309
4534
6337
2836
1571
1635
1545
1792
1646
1783
2234
976
1459
3751
1934
875
2242
691
1721
2889
2258
2602
1722
3238
2015
1750
517
2800
1064
2132
1456
1647
