115
2081
202
86
114
309
317
213
80
100
288
308
115
180
69
89
127
76
109
129
222
88
94
122
302
474
90
276
70
79
83
81
106
101
87
90
77
87
141
103
76
98
103
151
140
96
118
83
94
100
105
93
85
274
71
80
231
81
86
186
109
123
112
81
75
125
989
120
85
149
112
84
84
88
82
88
74
684
98
88
71
73
72
85
92
82
101
96
82
93
156
228
91
97
1305
209
119
433
78
90
85
82
158
305
94
347
111
319
229
291
82
130
116
158
130
78
106
89
76
513
158
224
154
284
77
761
240
86
206
87
158
58
229
244
128
597
136
91
102
113
79
120
572
271
71
80
95
90
73
88
102
83
78
83
106
92
115
91
83
105
83
88
129
84
84
100
86
100
101
93
82
89
90
97
98
103
196
101
112
177
93
211
115
170
92
288
137
163
100
95
431
83
118
167
220
417
98
84
89
90
93
87
146
87
99
96
93
73
87
81
76
101
87
313
295
1230
94
85
80
90
86
100
82
77
89
88
88
167
131
173
83
168
1214
331
485
86
94
93
90
94
74
154
84
91
99
93
79
89
87
79
34
81
93
485
131
96
677
91
391
95
112
153
295
100
138
79
326
96
144
91
87
77
83
93
129
84
99
82
82
92
86
84
95
104
94
276
482
79
73
222
91
136
81
86
111
92
73
234
108
87
105
107
120
91
85
118
76
103
67
68
124
86
119
108
83
85
91
88
84
84
91
84
83
202
92
78
98
243
395
82
95
122
121
95
81
80
111
144
86
83
80
94
153
89
120
106
86
104
754
126
89
132
105
83
81
89
90
694
95
84
311
97
93
133
237
78
1080
94
81
79
118
86
94
79
94
92
83
115
294
157
97
320
86
70
85
80
124
85
99
79
262
85
110
120
112
155
83
85
76
108
76
76
66
97
374
73
82
79
69
75
61
64
75
80
80
90
183
256
95
221
67
81
91
180
184
101
91
119
106
71
83
79
75
103
73
72
76
70
70
91
78
91
90
93
74
84
83
678
225
86
78
86
96
80
79
90
93
80
84
83
90
96
67
124
84
73
112
102
94
87
399
76
83
71
145
112
129
60
85
171
87
192
92
326
125
100
158
111
177
89
86
63
71
76
81
89
156
86
104
84
81
316
78
85
79
87
96
90
77
86
264
94
121
81
387
77
87
72
253
75
143
79
228
76
93
95
226
77
132
212
125
673
102
82
81
91
102
89
258
110
134
85
91
117
88
77
159
91
101
95
385
383
90
70
74
91
107
90
82
112
240
99
90
82
76
186
76
101
100
92
83
67
65
74
83
86
97
421
88
83
78
92
95
75
83
90
95
77
86
98
78
89
87
83
94
101
83
84
88
107
95
105
96
84
85
93
92
89
101
81
261
98
142
86
89
91
739
86
89
79
86
77
135
107
98
101
406
90
79
89
542
90
374
267
92
93
72
235
90
73
80
197
310
83
93
72
78
81
79
91
82
434
240
74
993
89
134
135
145
82
79
138
88
72
80
350
85
74
97
82
304
108
102
88
78
98
80
74
84
124
118
76
82
119
152
115
94
116
89
111
87
92
116
90
111
88
342
1137
124
240
83
150
178
79
109
83
301
91
88
107
418
89
90
97
104
75
91
97
83
118
96
95
114
94
91
83
92
83
120
97
148
95
89
102
86
80
86
1900
105
101
82
296
86
84
90
87
90
126
93
89
406
301
71
92
114
125
113
83
87
84
81
106
93
101
74
140
81
87
77
102
704
83
93
109
74
152
87
80
88
97
236
234
1595
94
69
102
79
33
61
89
81
88
1245
110
80
116
98
166
142
84
166
135
155
86
90
670
367
105
90
80
69
125
92
69
292
84
91
247
85
468
234
135
101
108
80
85
132
77
82
77
74
103
85
90
91
180
94
130
94
187
75
95
93
123
108
82
98
94
91
97
107
242
96
132
142
165
163
89
93
194
103
139
97
76
1163
681
454
202
91
91
102
100
73
92
86
84
164
90
91
91
128
90
110
101
99
86
431
118
337
93
73
100
113
81
76
77
87
105
116
82
109
90
80
94
91
83
118
264
89
86
82
128
102
255
103
185
99
149
80
86
88
80
86
90
85
79
76
156
526
62
84
78
78
87
88
80
91
87
102
98
70
106
81
82
115
123
81
82
85
72
84
85
89
88
84
85
82
94
78
77
93
80
1286
92
85
88
86
172
92
232
108
277
76
244
79
80
386
88
90
111
129
78
78
86
105
83
91
111
124
108
70
87
94
78
90
130
125
1372
373
307
332
77
94
237
81
92
86
72
108
79
92
106
129
89
79
83
75
89
67
95
79
88
108
91
103
109
101
107
83
653
297
82
152
97
100
90
92
92
88
90
103
103
298
87
90
88
73
113
90
78
81
85
78
255
100
229
441
116
88
425
87
79
106
84
154
373
87
112
83
95
100
80
137
83
96
72
79
84
78
89
401
89
87
71
1577
120
85
116
81
103
87
81
71
280
103
102
126
184
99
86
164
165
102
88
260
87
76
191
71
78
71
91
65
91
507
80
75
108
140
229
579
87
91
84
182
87
71
135
190
79
82
83
87
82
95
76
92
75
95
89
93
89
244
91
79
77
74
440
87
80
86
87
81
92
109
111
97
90
131
72
149
97
73
84
77
147
184
181
307
87
81
121
77
127
96
85
101
89
193
88
362
244
70
83
154
101
166
