#Coverage	Number of genomic locations
0.0	364.0
1.0	72.0
2.0	77.0
3.0	39.0
4.0	114.0
5.0	20.0
6.0	7.0
7.0	61.0
8.0	13.0
9.0	81.0
10.0	65.0
11.0	12.0
12.0	33.0
13.0	60.0
14.0	140.0
15.0	230.0
16.0	365.0
17.0	667.0
18.0	1022.0
19.0	1716.0
20.0	2781.0
21.0	3729.0
22.0	4920.0
23.0	6943.0
24.0	8465.0
25.0	9978.0
26.0	11173.0
27.0	12365.0
28.0	13248.0
29.0	12660.0
30.0	12229.0
31.0	11445.0
32.0	10712.0
33.0	9738.0
34.0	8817.0
35.0	7946.0
36.0	6886.0
37.0	5361.0
38.0	4328.0
39.0	3154.0
40.0	2612.0
41.0	1851.0
42.0	1378.0
43.0	967.0
44.0	824.0
45.0	619.0
46.0	398.0
47.0	300.0
48.0	213.0
49.0	132.0
50.0	95.0
51.0	81.0
52.0	115.0
53.0	106.0
54.0	127.0
55.0	160.0
56.0	206.0
57.0	171.0
58.0	167.0
59.0	234.0
60.0	252.0
61.0	249.0
62.0	235.0
63.0	234.0
64.0	172.0
65.0	192.0
66.0	102.0
67.0	92.0
68.0	66.0
69.0	46.0
70.0	78.0
71.0	53.0
72.0	44.0
73.0	35.0
74.0	28.0
75.0	30.0
76.0	13.0
77.0	5.0
78.0	6.0
79.0	2.0
80.0	2.0
124.0	1.0
128.0	1.0
129.0	1.0
132.0	1.0
133.0	1.0
135.0	1.0
136.0	2.0
137.0	3.0
140.0	1.0
141.0	1.0
142.0	2.0
143.0	1.0
144.0	1.0
145.0	2.0
148.0	2.0
149.0	5.0
151.0	3.0
154.0	4.0
155.0	7.0
156.0	4.0
157.0	7.0
158.0	4.0
159.0	7.0
160.0	12.0
161.0	17.0
162.0	5.0
163.0	6.0
164.0	8.0
165.0	14.0
166.0	8.0
167.0	11.0
168.0	11.0
169.0	10.0
170.0	10.0
171.0	12.0
172.0	15.0
173.0	23.0
174.0	25.0
175.0	39.0
176.0	44.0
177.0	46.0
178.0	50.0
179.0	79.0
180.0	79.0
181.0	98.0
182.0	113.0
183.0	137.0
184.0	137.0
185.0	139.0
186.0	98.0
187.0	94.0
188.0	107.0
189.0	87.0
190.0	70.0
191.0	56.0
192.0	45.0
193.0	66.0
194.0	53.0
195.0	72.0
196.0	78.0
197.0	68.0
198.0	55.0
199.0	37.0
200.0	27.0
201.0	26.0
202.0	36.0
203.0	20.0
204.0	34.0
205.0	26.0
206.0	36.0
207.0	38.0
208.0	23.0
209.0	30.0
210.0	14.0
211.0	11.0
212.0	12.0
213.0	11.0
214.0	6.0
215.0	5.0
216.0	12.0
217.0	10.0
218.0	7.0
219.0	9.0
220.0	13.0
221.0	25.0
222.0	14.0
223.0	10.0
224.0	4.0
225.0	9.0
226.0	8.0
227.0	14.0
228.0	10.0
229.0	10.0
230.0	17.0
231.0	16.0
232.0	18.0
233.0	15.0
234.0	20.0
235.0	17.0
236.0	27.0
237.0	19.0
238.0	22.0
239.0	14.0
240.0	18.0
241.0	19.0
242.0	25.0
243.0	22.0
244.0	36.0
245.0	37.0
246.0	29.0
247.0	35.0
248.0	37.0
249.0	32.0
250.0	51.0
251.0	38.0
252.0	44.0
253.0	45.0
254.0	49.0
255.0	53.0
256.0	57.0
257.0	48.0
258.0	38.0
259.0	49.0
260.0	37.0
261.0	51.0
262.0	49.0
263.0	82.0
264.0	72.0
265.0	68.0
266.0	58.0
267.0	90.0
268.0	109.0
269.0	110.0
270.0	106.0
271.0	112.0
272.0	96.0
273.0	98.0
274.0	127.0
275.0	107.0
276.0	118.0
277.0	101.0
278.0	116.0
279.0	114.0
280.0	135.0
281.0	122.0
282.0	136.0
283.0	119.0
284.0	134.0
285.0	123.0
286.0	113.0
287.0	99.0
288.0	111.0
289.0	105.0
290.0	85.0
291.0	80.0
292.0	75.0
293.0	68.0
294.0	51.0
295.0	53.0
296.0	65.0
297.0	61.0
298.0	39.0
299.0	39.0
300.0	38.0
301.0	46.0
302.0	45.0
303.0	22.0
304.0	31.0
305.0	33.0
306.0	31.0
307.0	31.0
308.0	36.0
309.0	37.0
310.0	40.0
311.0	33.0
312.0	36.0
313.0	31.0
314.0	29.0
315.0	24.0
316.0	21.0
317.0	16.0
318.0	11.0
319.0	25.0
320.0	21.0
321.0	16.0
322.0	10.0
323.0	12.0
324.0	12.0
325.0	12.0
326.0	6.0
327.0	10.0
328.0	6.0
329.0	7.0
330.0	11.0
331.0	7.0
332.0	4.0
333.0	8.0
334.0	9.0
335.0	8.0
336.0	12.0
337.0	9.0
338.0	11.0
339.0	13.0
340.0	16.0
341.0	15.0
342.0	19.0
343.0	16.0
344.0	20.0
345.0	15.0
346.0	15.0
347.0	18.0
348.0	13.0
349.0	20.0
350.0	15.0
351.0	20.0
352.0	17.0
353.0	12.0
354.0	18.0
355.0	16.0
356.0	24.0
357.0	22.0
358.0	17.0
359.0	26.0
360.0	26.0
361.0	34.0
362.0	38.0
363.0	38.0
364.0	39.0
365.0	41.0
366.0	40.0
367.0	50.0
368.0	41.0
369.0	41.0
370.0	51.0
371.0	46.0
372.0	47.0
373.0	34.0
374.0	41.0
375.0	36.0
376.0	29.0
377.0	42.0
378.0	45.0
379.0	33.0
380.0	45.0
381.0	38.0
382.0	41.0
383.0	43.0
384.0	29.0
385.0	37.0
386.0	31.0
387.0	25.0
388.0	29.0
389.0	41.0
390.0	44.0
391.0	41.0
392.0	45.0
393.0	59.0
394.0	43.0
395.0	44.0
396.0	40.0
397.0	48.0
398.0	46.0
399.0	38.0
400.0	42.0
401.0	53.0
402.0	47.0
403.0	49.0
404.0	49.0
405.0	33.0
406.0	43.0
407.0	39.0
408.0	49.0
409.0	46.0
410.0	34.0
411.0	55.0
412.0	36.0
413.0	32.0
414.0	44.0
415.0	35.0
416.0	37.0
417.0	39.0
418.0	41.0
419.0	36.0
420.0	60.0
421.0	31.0
422.0	47.0
423.0	42.0
424.0	20.0
425.0	22.0
426.0	25.0
427.0	19.0
428.0	35.0
429.0	39.0
430.0	37.0
431.0	35.0
432.0	41.0
433.0	34.0
434.0	34.0
435.0	21.0
436.0	33.0
437.0	45.0
438.0	28.0
439.0	53.0
440.0	29.0
441.0	44.0
442.0	36.0
443.0	43.0
444.0	36.0
445.0	47.0
446.0	50.0
447.0	47.0
448.0	58.0
449.0	47.0
450.0	46.0
451.0	46.0
452.0	65.0
453.0	57.0
454.0	63.0
455.0	51.0
456.0	57.0
457.0	60.0
458.0	48.0
459.0	37.0
460.0	41.0
461.0	42.0
462.0	38.0
463.0	39.0
464.0	36.0
465.0	42.0
466.0	31.0
467.0	26.0
468.0	20.0
469.0	19.0
470.0	29.0
471.0	24.0
472.0	20.0
473.0	26.0
474.0	22.0
475.0	17.0
476.0	23.0
477.0	21.0
478.0	30.0
479.0	27.0
480.0	18.0
481.0	31.0
482.0	24.0
483.0	21.0
484.0	25.0
485.0	27.0
486.0	25.0
487.0	18.0
488.0	20.0
489.0	19.0
490.0	11.0
491.0	10.0
492.0	11.0
493.0	2.0
494.0	8.0
495.0	10.0
496.0	8.0
497.0	11.0
498.0	9.0
499.0	9.0
500.0	5.0
501.0	5.0
502.0	2.0
503.0	6.0
504.0	2.0
505.0	7.0
506.0	2.0
507.0	5.0
508.0	5.0
509.0	3.0
510.0	1.0
511.0	3.0
512.0	5.0
513.0	1.0
514.0	4.0
515.0	1.0
516.0	1.0
519.0	1.0
520.0	3.0
521.0	1.0
522.0	1.0
524.0	1.0
526.0	1.0
527.0	3.0
529.0	1.0
530.0	1.0
531.0	1.0
532.0	1.0
533.0	1.0
534.0	1.0
535.0	2.0
538.0	1.0
539.0	1.0
540.0	2.0
541.0	1.0
543.0	4.0
544.0	2.0
545.0	1.0
546.0	2.0
547.0	5.0
548.0	3.0
549.0	2.0
550.0	3.0
551.0	3.0
552.0	3.0
553.0	2.0
554.0	1.0
555.0	2.0
556.0	2.0
557.0	7.0
558.0	2.0
559.0	3.0
560.0	4.0
561.0	1.0
562.0	4.0
563.0	2.0
564.0	5.0
565.0	3.0
566.0	3.0
567.0	2.0
569.0	3.0
570.0	3.0
571.0	7.0
572.0	1.0
573.0	3.0
574.0	2.0
575.0	4.0
576.0	11.0
577.0	7.0
578.0	8.0
579.0	6.0
580.0	11.0
581.0	10.0
582.0	8.0
583.0	14.0
584.0	12.0
585.0	2.0
586.0	11.0
587.0	6.0
588.0	7.0
589.0	6.0
590.0	4.0
591.0	3.0
592.0	4.0
593.0	8.0
594.0	9.0
595.0	8.0
596.0	1.0
597.0	5.0
598.0	11.0
599.0	8.0
600.0	3.0
601.0	10.0
602.0	10.0
603.0	5.0
604.0	7.0
605.0	10.0
606.0	14.0
607.0	20.0
608.0	10.0
609.0	21.0
610.0	24.0
611.0	13.0
612.0	15.0
613.0	17.0
614.0	28.0
615.0	19.0
616.0	13.0
617.0	16.0
618.0	14.0
619.0	14.0
620.0	16.0
621.0	15.0
622.0	11.0
623.0	13.0
624.0	12.0
625.0	11.0
626.0	5.0
627.0	12.0
628.0	5.0
629.0	12.0
630.0	12.0
631.0	4.0
632.0	3.0
633.0	2.0
634.0	3.0
635.0	2.0
636.0	1.0
638.0	2.0
639.0	7.0
640.0	2.0
641.0	3.0
642.0	3.0
643.0	2.0
644.0	3.0
645.0	3.0
647.0	1.0
648.0	1.0
650.0	2.0
651.0	1.0
652.0	1.0
653.0	1.0
654.0	1.0
657.0	1.0
658.0	1.0
660.0	1.0
662.0	2.0
664.0	2.0
666.0	1.0
667.0	2.0
668.0	3.0
669.0	2.0
670.0	2.0
671.0	3.0
672.0	5.0
673.0	2.0
674.0	2.0
675.0	1.0
676.0	5.0
677.0	3.0
678.0	5.0
679.0	2.0
680.0	2.0
681.0	4.0
682.0	3.0
683.0	4.0
684.0	6.0
685.0	4.0
686.0	11.0
687.0	3.0
688.0	5.0
689.0	7.0
690.0	3.0
691.0	5.0
692.0	1.0
693.0	3.0
694.0	3.0
695.0	1.0
696.0	6.0
697.0	3.0
698.0	2.0
699.0	2.0
700.0	5.0
702.0	2.0
703.0	2.0
704.0	2.0
706.0	3.0
707.0	2.0
709.0	1.0
710.0	3.0
711.0	4.0
712.0	2.0
713.0	6.0
714.0	3.0
715.0	1.0
716.0	3.0
717.0	2.0
718.0	3.0
719.0	2.0
720.0	2.0
721.0	2.0
722.0	3.0
723.0	1.0
725.0	3.0
726.0	2.0
727.0	4.0
728.0	4.0
730.0	5.0
731.0	1.0
733.0	2.0
734.0	4.0
735.0	4.0
736.0	3.0
737.0	4.0
738.0	2.0
739.0	5.0
740.0	1.0
741.0	3.0
743.0	2.0
744.0	2.0
745.0	4.0
746.0	3.0
749.0	3.0
750.0	3.0
751.0	2.0
752.0	3.0
753.0	3.0
754.0	1.0
755.0	2.0
756.0	1.0
757.0	2.0
758.0	3.0
759.0	2.0
760.0	1.0
761.0	2.0
762.0	3.0
763.0	1.0
764.0	2.0
765.0	3.0
766.0	2.0
767.0	2.0
768.0	2.0
769.0	1.0
771.0	6.0
772.0	2.0
773.0	4.0
774.0	3.0
775.0	2.0
776.0	4.0
777.0	4.0
778.0	4.0
779.0	3.0
780.0	4.0
781.0	7.0
782.0	2.0
783.0	7.0
784.0	8.0
785.0	7.0
786.0	15.0
787.0	7.0
788.0	6.0
789.0	10.0
790.0	9.0
791.0	10.0
792.0	7.0
793.0	7.0
794.0	9.0
795.0	10.0
796.0	5.0
797.0	7.0
798.0	10.0
799.0	13.0
800.0	14.0
801.0	10.0
802.0	13.0
803.0	11.0
804.0	13.0
805.0	9.0
806.0	9.0
807.0	9.0
808.0	2.0
809.0	7.0
810.0	6.0
811.0	7.0
812.0	8.0
813.0	9.0
814.0	9.0
815.0	7.0
816.0	6.0
817.0	5.0
818.0	4.0
819.0	1.0
820.0	7.0
821.0	5.0
822.0	3.0
823.0	6.0
824.0	7.0
825.0	2.0
826.0	3.0
827.0	4.0
828.0	3.0
829.0	1.0
830.0	2.0
831.0	2.0
832.0	1.0
833.0	2.0
834.0	1.0
835.0	4.0
836.0	4.0
837.0	6.0
838.0	4.0
839.0	4.0
840.0	6.0
841.0	4.0
842.0	4.0
843.0	5.0
844.0	4.0
845.0	9.0
846.0	3.0
848.0	6.0
849.0	9.0
850.0	4.0
851.0	4.0
852.0	7.0
853.0	6.0
854.0	5.0
855.0	4.0
856.0	3.0
857.0	5.0
858.0	7.0
859.0	4.0
860.0	6.0
861.0	1.0
862.0	4.0
863.0	2.0
864.0	5.0
865.0	1.0
866.0	6.0
867.0	2.0
868.0	4.0
869.0	4.0
870.0	12.0
871.0	9.0
872.0	2.0
873.0	6.0
874.0	4.0
875.0	3.0
876.0	2.0
877.0	4.0
878.0	2.0
879.0	1.0
880.0	1.0
883.0	1.0
884.0	2.0
885.0	3.0
887.0	1.0
888.0	1.0
889.0	3.0
892.0	1.0
895.0	1.0
898.0	1.0
899.0	2.0
900.0	2.0
901.0	2.0
903.0	3.0
904.0	2.0
905.0	1.0
906.0	2.0
907.0	5.0
908.0	6.0
909.0	2.0
911.0	1.0
912.0	2.0
913.0	5.0
914.0	2.0
915.0	3.0
916.0	4.0
917.0	3.0
918.0	3.0
919.0	1.0
920.0	1.0
921.0	2.0
926.0	1.0
980.0	1.0
992.0	1.0
1003.0	1.0
1012.0	1.0
1017.0	1.0
1031.0	1.0
1034.0	1.0
1036.0	1.0
1041.0	1.0
1043.0	1.0
1044.0	1.0
1047.0	1.0
1052.0	1.0
1055.0	1.0
1056.0	2.0
1061.0	1.0
1075.0	1.0
1076.0	1.0
1084.0	1.0
1086.0	1.0
1087.0	1.0
1090.0	1.0
1092.0	2.0
1094.0	2.0
1095.0	1.0
1099.0	2.0
1104.0	2.0
1105.0	1.0
1106.0	1.0
1108.0	1.0
1109.0	1.0
1110.0	2.0
1111.0	1.0
1113.0	1.0
1117.0	1.0
1119.0	2.0
1120.0	1.0
1122.0	1.0
1124.0	1.0
1125.0	1.0
1127.0	1.0
1128.0	1.0
1129.0	3.0
1130.0	1.0
1132.0	1.0
