#Insert size (bp)	insert size
2.0	13.0
3.0	24.0
4.0	15.0
5.0	19.0
6.0	26.0
7.0	21.0
8.0	27.0
9.0	17.0
10.0	31.0
11.0	21.0
12.0	23.0
13.0	32.0
14.0	27.0
15.0	20.0
16.0	24.0
17.0	22.0
18.0	29.0
19.0	31.0
20.0	30.0
21.0	33.0
22.0	28.0
23.0	38.0
24.0	35.0
25.0	36.0
26.0	31.0
27.0	33.0
28.0	33.0
29.0	44.0
30.0	45.0
31.0	47.0
32.0	76.0
33.0	44.0
34.0	54.0
35.0	58.0
36.0	47.0
37.0	63.0
38.0	68.0
39.0	59.0
40.0	84.0
41.0	56.0
42.0	45.0
43.0	46.0
44.0	42.0
45.0	42.0
46.0	63.0
47.0	43.0
48.0	34.0
49.0	38.0
50.0	53.0
51.0	48.0
52.0	33.0
53.0	39.0
54.0	29.0
55.0	74.0
56.0	36.0
57.0	30.0
58.0	26.0
59.0	27.0
60.0	21.0
61.0	25.0
62.0	20.0
63.0	20.0
64.0	31.0
65.0	28.0
66.0	10.0
67.0	75.0
68.0	16.0
69.0	20.0
70.0	13.0
71.0	59.0
72.0	66.0
73.0	18.0
74.0	24.0
75.0	27.0
76.0	39.0
77.0	35.0
78.0	34.0
79.0	29.0
80.0	103.0
81.0	34.0
82.0	133.0
83.0	25.0
84.0	21.0
85.0	28.0
86.0	41.0
87.0	36.0
88.0	31.0
89.0	117.0
90.0	133.0
91.0	85.0
92.0	32.0
93.0	25.0
94.0	24.0
95.0	32.0
96.0	26.0
97.0	36.0
98.0	26.0
99.0	30.0
100.0	27.0
101.0	84.0
102.0	38.0
103.0	30.0
104.0	25.0
105.0	42.0
106.0	37.0
107.0	46.0
108.0	31.0
109.0	41.0
110.0	40.0
111.0	56.0
112.0	92.0
113.0	58.0
114.0	41.0
115.0	43.0
116.0	48.0
117.0	93.0
118.0	60.0
119.0	55.0
120.0	66.0
121.0	61.0
122.0	56.0
123.0	71.0
124.0	60.0
125.0	57.0
126.0	102.0
127.0	63.0
128.0	52.0
129.0	54.0
130.0	41.0
131.0	48.0
132.0	36.0
133.0	41.0
134.0	39.0
135.0	51.0
136.0	39.0
137.0	38.0
138.0	36.0
139.0	27.0
140.0	26.0
141.0	19.0
142.0	35.0
143.0	31.0
144.0	31.0
145.0	20.0
146.0	22.0
147.0	21.0
148.0	29.0
149.0	19.0
150.0	28.0
151.0	22.0
152.0	58.0
153.0	18.0
154.0	12.0
155.0	42.0
156.0	20.0
157.0	14.0
158.0	26.0
159.0	18.0
160.0	15.0
161.0	7.0
162.0	14.0
163.0	19.0
164.0	15.0
165.0	15.0
166.0	20.0
167.0	9.0
168.0	18.0
169.0	9.0
170.0	25.0
171.0	15.0
172.0	16.0
173.0	18.0
174.0	12.0
175.0	12.0
176.0	24.0
177.0	16.0
178.0	14.0
179.0	18.0
180.0	32.0
181.0	84.0
182.0	20.0
183.0	16.0
184.0	9.0
185.0	19.0
186.0	19.0
187.0	22.0
188.0	15.0
189.0	15.0
190.0	22.0
191.0	20.0
192.0	12.0
193.0	24.0
194.0	24.0
195.0	15.0
196.0	15.0
197.0	14.0
198.0	8.0
199.0	14.0
200.0	5.0
201.0	31.0
202.0	10.0
203.0	11.0
204.0	10.0
205.0	6.0
206.0	7.0
207.0	11.0
208.0	11.0
209.0	43.0
210.0	8.0
211.0	13.0
212.0	13.0
213.0	4.0
214.0	12.0
215.0	14.0
216.0	11.0
217.0	12.0
218.0	58.0
219.0	21.0
220.0	18.0
221.0	10.0
222.0	14.0
223.0	68.0
224.0	11.0
225.0	17.0
226.0	10.0
227.0	24.0
228.0	22.0
229.0	20.0
230.0	31.0
231.0	28.0
232.0	34.0
233.0	39.0
234.0	33.0
235.0	44.0
236.0	35.0
237.0	32.0
238.0	30.0
239.0	38.0
240.0	30.0
241.0	46.0
242.0	40.0
243.0	41.0
244.0	32.0
245.0	28.0
246.0	42.0
247.0	33.0
248.0	26.0
249.0	41.0
250.0	41.0
251.0	32.0
252.0	48.0
253.0	46.0
254.0	29.0
255.0	49.0
256.0	38.0
257.0	38.0
258.0	37.0
259.0	35.0
260.0	30.0
261.0	27.0
262.0	36.0
263.0	30.0
264.0	42.0
265.0	42.0
266.0	42.0
267.0	63.0
268.0	38.0
269.0	32.0
270.0	33.0
271.0	51.0
272.0	52.0
273.0	61.0
274.0	38.0
275.0	60.0
276.0	53.0
277.0	54.0
278.0	59.0
279.0	37.0
280.0	50.0
281.0	58.0
282.0	46.0
283.0	55.0
284.0	57.0
285.0	49.0
286.0	46.0
287.0	53.0
288.0	54.0
289.0	58.0
290.0	51.0
291.0	58.0
292.0	57.0
293.0	45.0
294.0	64.0
295.0	48.0
296.0	60.0
297.0	57.0
298.0	73.0
299.0	67.0
300.0	71.0
301.0	53.0
302.0	55.0
303.0	76.0
304.0	54.0
305.0	57.0
306.0	43.0
307.0	71.0
308.0	56.0
309.0	69.0
310.0	54.0
311.0	51.0
312.0	86.0
313.0	65.0
314.0	52.0
315.0	75.0
316.0	73.0
317.0	61.0
318.0	102.0
319.0	66.0
320.0	75.0
321.0	77.0
322.0	93.0
323.0	92.0
324.0	109.0
325.0	112.0
326.0	125.0
327.0	153.0
328.0	188.0
329.0	189.0
330.0	236.0
331.0	246.0
332.0	292.0
333.0	301.0
334.0	370.0
335.0	392.0
336.0	477.0
337.0	527.0
338.0	508.0
339.0	663.0
340.0	697.0
341.0	734.0
342.0	815.0
343.0	899.0
344.0	930.0
345.0	964.0
346.0	1011.0
347.0	1011.0
348.0	1026.0
349.0	1057.0
350.0	1031.0
351.0	1118.0
352.0	1005.0
353.0	937.0
354.0	942.0
355.0	866.0
356.0	799.0
357.0	793.0
358.0	712.0
359.0	671.0
360.0	620.0
361.0	544.0
362.0	462.0
363.0	430.0
364.0	342.0
365.0	288.0
366.0	278.0
367.0	203.0
368.0	173.0
369.0	167.0
370.0	130.0
371.0	103.0
372.0	82.0
373.0	69.0
374.0	61.0
375.0	45.0
376.0	41.0
377.0	19.0
378.0	17.0
379.0	23.0
380.0	20.0
381.0	13.0
382.0	11.0
383.0	11.0
384.0	3.0
385.0	5.0
386.0	7.0
387.0	7.0
388.0	13.0
389.0	7.0
390.0	6.0
391.0	7.0
392.0	1.0
393.0	6.0
394.0	5.0
395.0	10.0
396.0	3.0
397.0	4.0
398.0	3.0
399.0	3.0
400.0	2.0
401.0	4.0
402.0	10.0
403.0	1.0
404.0	2.0
405.0	3.0
406.0	3.0
407.0	6.0
408.0	3.0
409.0	1.0
411.0	2.0
412.0	5.0
413.0	7.0
414.0	3.0
415.0	4.0
416.0	2.0
417.0	2.0
418.0	2.0
419.0	1.0
420.0	2.0
421.0	1.0
422.0	3.0
423.0	3.0
425.0	1.0
426.0	4.0
427.0	7.0
428.0	4.0
429.0	1.0
430.0	6.0
431.0	5.0
432.0	4.0
433.0	3.0
434.0	4.0
435.0	9.0
436.0	6.0
437.0	7.0
438.0	3.0
439.0	5.0
440.0	6.0
441.0	9.0
442.0	8.0
443.0	3.0
444.0	9.0
445.0	8.0
446.0	11.0
447.0	12.0
448.0	6.0
449.0	7.0
450.0	5.0
451.0	12.0
452.0	10.0
453.0	8.0
454.0	15.0
455.0	11.0
456.0	6.0
457.0	15.0
458.0	10.0
459.0	9.0
460.0	6.0
461.0	8.0
462.0	10.0
463.0	13.0
464.0	9.0
465.0	5.0
466.0	8.0
467.0	2.0
468.0	7.0
469.0	1.0
470.0	2.0
471.0	4.0
473.0	2.0
475.0	3.0
476.0	3.0
477.0	2.0
478.0	1.0
480.0	1.0
481.0	1.0
483.0	1.0
484.0	1.0
486.0	1.0
492.0	1.0
493.0	1.0
494.0	1.0
495.0	1.0
500.0	1.0
503.0	2.0
507.0	1.0
510.0	1.0
517.0	1.0
553.0	1.0
587.0	1.0
592.0	1.0
594.0	2.0
595.0	1.0
598.0	1.0
600.0	1.0
603.0	1.0
605.0	1.0
615.0	2.0
617.0	2.0
621.0	1.0
622.0	1.0
623.0	1.0
625.0	1.0
628.0	1.0
630.0	1.0
634.0	2.0
636.0	2.0
638.0	2.0
639.0	1.0
643.0	1.0
644.0	2.0
645.0	1.0
647.0	1.0
648.0	1.0
650.0	2.0
653.0	2.0
654.0	2.0
664.0	2.0
666.0	1.0
667.0	1.0
671.0	1.0
672.0	1.0
673.0	1.0
674.0	1.0
677.0	1.0
680.0	1.0
682.0	1.0
686.0	2.0
688.0	2.0
689.0	1.0
691.0	1.0
692.0	1.0
693.0	1.0
694.0	2.0
695.0	2.0
696.0	1.0
697.0	1.0
698.0	1.0
700.0	1.0
702.0	2.0
703.0	2.0
704.0	4.0
705.0	1.0
708.0	1.0
709.0	3.0
710.0	1.0
