#Position (bp)	insert size
250.5	362.2972972972973
750.5	347.75409836065575
1250.5	348.94545454545454
1750.5	351.60869565217394
2250.5	348.8723404255319
2750.5	349.5128205128205
3250.5	348.6216216216216
3750.5	349.06779661016947
4250.5	351.11290322580646
4750.5	945.9333333333333
5250.5	1110.75
5750.5	347.22641509433964
6250.5	351.2826086956522
6750.5	352.7142857142857
7250.5	351.28846153846155
7750.5	350.0
8250.5	348.7317073170732
8750.5	338.82608695652175
9250.5	350.5769230769231
9750.5	349.6
10250.5	349.3454545454546
10750.5	352.2
11250.5	350.4791666666667
11750.5	348.2857142857143
12250.5	348.75
12750.5	351.2608695652174
13250.5	181.05958549222797
13750.5	333.8095238095238
14250.5	350.8
14750.5	349.5079365079365
15250.5	349.2280701754386
15750.5	350.4074074074074
16250.5	350.8723404255319
16750.5	350.0731707317073
17250.5	347.3636363636364
17750.5	342.6744186046512
18250.5	347.2962962962963
18750.5	349.1551724137931
19250.5	349.25
19750.5	347.26666666666665
20250.5	331.037037037037
20750.5	349.31111111111113
21250.5	358.8775510204082
21750.5	351.43333333333334
22250.5	347.8541666666667
22750.5	348.15384615384613
23250.5	348.32608695652175
23750.5	567.4782608695652
24250.5	1399.2
24750.5	351.1132075471698
25250.5	348.6585365853659
25750.5	349.61224489795916
26250.5	322.32
26750.5	2495.7297297297296
27250.5	347.2631578947368
27750.5	347.4642857142857
28250.5	346.9583333333333
28750.5	349.9
29250.5	349.7631578947368
29750.5	358.81632653061223
30250.5	338.6
30750.5	314.8871794871795
31250.5	1924.0089285714287
31750.5	337.3965728274174
32250.5	333.52830188679246
32750.5	350.6666666666667
33250.5	349.2
33750.5	350.7647058823529
34250.5	347.0
34750.5	350.8510638297872
35250.5	350.7818181818182
35750.5	347.01960784313724
36250.5	321.8780487804878
36750.5	612.5449871465296
37250.5	339.84834834834834
37750.5	345.5438596491228
38250.5	347.01612903225805
38750.5	350.6666666666667
39250.5	347.5952380952381
39750.5	348.765625
40250.5	351.95652173913044
40750.5	349.55357142857144
41250.5	349.75
41750.5	348.8809523809524
42250.5	350.19607843137254
42750.5	350.6909090909091
43250.5	335.27272727272725
43750.5	330.4423076923077
44250.5	349.56140350877195
44750.5	326.8157894736842
45250.5	350.89285714285717
45750.5	348.48936170212767
46250.5	351.85714285714283
46750.5	349.811320754717
47250.5	347.7142857142857
47750.5	344.0
48250.5	365.01851851851853
48750.5	347.57377049180326
49250.5	350.1666666666667
49750.5	914.7943722943722
50250.5	487.42173350582146
50750.5	350.7411575562701
51250.5	349.6219931271478
51750.5	339.9372693726937
52250.5	349.82
52750.5	350.2448979591837
53250.5	349.9122807017544
53750.5	351.2093023255814
54250.5	349.76785714285717
54750.5	348.90909090909093
55250.5	350.4791666666667
55750.5	348.4035087719298
56250.5	348.59574468085106
56750.5	351.6
57250.5	353.3207547169811
57750.5	348.3695652173913
58250.5	348.88524590163934
58750.5	342.7560975609756
59250.5	343.1186440677966
59750.5	350.9807692307692
60250.5	345.8703703703704
60750.5	344.27027027027026
61250.5	347.8490566037736
61750.5	350.2280701754386
62250.5	350.60655737704917
62750.5	189.5731292517007
63250.5	351.4222222222222
63750.5	352.3863636363636
64250.5	349.38461538461536
64750.5	350.4130434782609
65250.5	350.3777777777778
65750.5	347.1818181818182
66250.5	351.327868852459
66750.5	349.875
67250.5	349.04545454545456
67750.5	350.2708333333333
68250.5	348.88
68750.5	347.7083333333333
69250.5	349.6515151515151
69750.5	234.90149892933619
70250.5	251.42899408284023
70750.5	349.9375
71250.5	341.031746031746
71750.5	333.97222222222223
72250.5	351.15384615384613
72750.5	349.7142857142857
73250.5	349.3478260869565
73750.5	349.41818181818184
74250.5	243.5329479768786
74750.5	348.9024390243902
75250.5	345.47457627118644
75750.5	288.0731707317073
76250.5	348.59183673469386
76750.5	348.93617021276594
77250.5	350.23809523809524
77750.5	350.7142857142857
78250.5	334.56756756756755
78750.5	342.9130434782609
79250.5	358.2105263157895
79750.5	252.3515850144092
80250.5	292.05649717514126
80750.5	349.72727272727275
81250.5	352.22727272727275
81750.5	352.12820512820514
82250.5	350.25454545454545
82750.5	345.47727272727275
83250.5	335.5135135135135
83750.5	318.48333333333335
84250.5	348.734375
84750.5	347.0238095238095
85250.5	350.17543859649123
85750.5	351.05357142857144
86250.5	350.0731707317073
86750.5	349.51020408163265
87250.5	350.0625
87750.5	349.53333333333336
88250.5	348.8541666666667
88750.5	347.4807692307692
89250.5	347.8421052631579
89750.5	349.8139534883721
90250.5	349.625
90750.5	349.88
91250.5	347.825
91750.5	349.70454545454544
92250.5	348.1551724137931
92750.5	349.53225806451616
93250.5	348.8510638297872
93750.5	320.4634146341463
94250.5	329.6666666666667
94750.5	350.1304347826087
95250.5	350.54545454545456
95750.5	257.8121212121212
96250.5	337.61764705882354
96750.5	339.82608695652175
97250.5	347.6363636363636
97750.5	347.9428571428571
98250.5	349.67391304347825
98750.5	348.1666666666667
99250.5	351.2307692307692
99750.5	349.10526315789474
100250.5	324.5625
100750.5	346.33962264150944
101250.5	351.52777777777777
101750.5	349.85714285714283
102250.5	349.1090909090909
102750.5	351.88524590163934
103250.5	233.59309021113245
103750.5	348.327868852459
104250.5	349.75
104750.5	308.05555555555554
105250.5	346.44444444444446
105750.5	349.2608695652174
106250.5	5646.847457627118
106750.5	350.6792452830189
107250.5	350.25
107750.5	346.1860465116279
108250.5	344.3538461538462
108750.5	349.45098039215685
109250.5	350.0869565217391
109750.5	347.3018867924528
110250.5	349.68888888888887
110750.5	350.6585365853659
111250.5	347.4583333333333
111750.5	351.9642857142857
112250.5	350.7916666666667
112750.5	346.4736842105263
113250.5	349.06779661016947
113750.5	497.71824480369514
114250.5	349.1715210355987
114750.5	335.1392405063291
115250.5	349.52
115750.5	271.7464788732394
116250.5	318.54487179487177
116750.5	348.60714285714283
117250.5	348.64516129032256
117750.5	330.6730769230769
118250.5	350.0833333333333
118750.5	345.9166666666667
119250.5	345.3333333333333
119750.5	341.94545454545454
120250.5	351.8305084745763
120750.5	348.33898305084745
121250.5	349.34375
121750.5	349.61538461538464
122250.5	348.3703703703704
122750.5	350.1666666666667
123250.5	348.3636363636364
123750.5	346.675
124250.5	346.97777777777776
124750.5	350.68831168831167
125250.5	347.5
125750.5	553.2531791907514
126250.5	358.38532110091745
126750.5	279.7983870967742
127250.5	350.6279069767442
127750.5	345.6521739130435
128250.5	349.3720930232558
128750.5	349.57142857142856
129250.5	348.3478260869565
129750.5	349.72727272727275
130250.5	350.8292682926829
130750.5	350.20338983050846
131250.5	346.2881355932203
131750.5	349.3125
132250.5	348.6
132750.5	349.3018867924528
133250.5	348.9375
133750.5	351.3333333333333
134250.5	348.87142857142857
134750.5	348.0806451612903
135250.5	350.77777777777777
135750.5	350.30232558139534
136250.5	347.3125
136750.5	350.5531914893617
137250.5	347.41509433962267
137750.5	4532.1578947368425
138250.5	663.9897084048027
138750.5	349.9358407079646
139250.5	1781.5217391304348
139750.5	346.6363636363636
140250.5	350.6216216216216
140750.5	347.5744680851064
141250.5	350.6595744680851
141750.5	201.04444444444445
142250.5	350.19642857142856
142750.5	351.75
143250.5	350.5
143750.5	348.64
144250.5	350.83870967741933
144750.5	338.87719298245617
145250.5	321.2909090909091
145750.5	345.90697674418607
146250.5	347.175
146750.5	349.92063492063494
147250.5	350.82456140350877
147750.5	349.21276595744683
148250.5	350.94642857142856
148750.5	350.7073170731707
149250.5	349.1509433962264
149750.5	350.1190476190476
150250.5	349.51785714285717
150750.5	350.9230769230769
151250.5	348.52777777777777
151750.5	347.8181818181818
152250.5	348.77272727272725
152750.5	349.6585365853659
153250.5	348.77358490566036
153750.5	350.0
154250.5	351.5192307692308
154750.5	348.44444444444446
155250.5	343.8
155750.5	343.5652173913044
156250.5	353.3255813953488
156750.5	349.7391304347826
157250.5	346.7903225806452
157750.5	348.6
158250.5	349.6
158750.5	348.39130434782606
159250.5	351.3333333333333
159750.5	350.6923076923077
160250.5	347.69135802469134
160750.5	351.0449438202247
161250.5	339.42857142857144
161750.5	337.22641509433964
162250.5	293.37704918032784
162750.5	348.1111111111111
163250.5	347.0
163750.5	349.2448979591837
164250.5	350.3191489361702
164750.5	349.6
165250.5	348.31481481481484
165750.5	350.95454545454544
166250.5	349.8103448275862
166750.5	350.96610169491527
167250.5	348.34615384615387
167750.5	347.4230769230769
168250.5	343.3720930232558
168750.5	336.85185185185185
169250.5	347.08620689655174
169750.5	335.0
170250.5	334.3658536585366
170750.5	349.125
171250.5	349.125
171750.5	340.92
172250.5	342.48837209302326
172750.5	343.0238095238095
173250.5	384.8125
173750.5	309.2230215827338
174250.5	194.41176470588235
174750.5	350.77777777777777
175250.5	349.9130434782609
175750.5	346.8888888888889
176250.5	278.4587628865979
176750.5	222.56756756756758
177250.5	342.8095238095238
177750.5	341.72222222222223
178250.5	350.15384615384613
178750.5	349.22222222222223
179250.5	350.8679245283019
179750.5	273.5806451612903
180250.5	349.15909090909093
180750.5	350.6304347826087
181250.5	349.5925925925926
181750.5	322.525
182250.5	308.07272727272726
182750.5	352.1090909090909
183250.5	348.98
183750.5	346.4310344827586
184250.5	382.1868978805395
184750.5	342.89071038251365
185250.5	315.87307692307695
185750.5	326.59124087591243
186250.5	345.9736842105263
186750.5	347.90697674418607
187250.5	326.1025641025641
187750.5	320.7755102040816
188250.5	348.7307692307692
188750.5	347.531914893617
189250.5	350.52
189750.5	359.56410256410254
190250.5	347.4375
190750.5	349.64102564102564
191250.5	346.4146341463415
191750.5	342.0416666666667
192250.5	347.3783783783784
192750.5	349.4736842105263
193250.5	350.27272727272725
193750.5	337.9491525423729
194250.5	347.9642857142857
194750.5	349.4347826086956
195250.5	349.0
195750.5	338.8085106382979
196250.5	334.11475409836066
196750.5	348.63829787234044
197250.5	350.6530612244898
197750.5	349.80434782608694
198250.5	350.04545454545456
198750.5	348.5507246376812
199250.5	350.6730769230769
199750.5	296.0
