#Position (bp)	Coverage
250.5	24.036
750.5	32.71
1250.5	32.168
1750.5	32.758
2250.5	38.768
2750.5	31.536
3250.5	25.264
3750.5	30.782
4250.5	33.004
4750.5	32.57
5250.5	34.876
5750.5	23.718
6250.5	31.032
6750.5	29.268
7250.5	33.192
7750.5	100.886
8250.5	27.936
8750.5	31.004
9250.5	26.628
9750.5	30.718
10250.5	33.556
10750.5	33.232
11250.5	32.036
11750.5	35.402
12250.5	30.444
12750.5	31.776
13250.5	58.024
13750.5	30.3
14250.5	150.354
14750.5	56.572
15250.5	34.074
15750.5	28.042
16250.5	28.074
16750.5	28.358
17250.5	96.294
17750.5	68.868
18250.5	148.668
18750.5	86.604
19250.5	33.664
19750.5	32.44
20250.5	26.886
20750.5	33.87
21250.5	36.674
21750.5	34.3
22250.5	24.75
22750.5	24.8
23250.5	30.356
23750.5	44.334
24250.5	33.244
24750.5	30.756
25250.5	30.394
25750.5	34.98
26250.5	79.492
26750.5	28.186
27250.5	33.034
27750.5	25.958
28250.5	29.454
28750.5	36.576
29250.5	30.708
29750.5	26.522
30250.5	29.346
30750.5	172.02
31250.5	22.74
31750.5	39.334
32250.5	27.18
32750.5	46.384
33250.5	32.32
33750.5	35.92
34250.5	32.756
34750.5	30.242
35250.5	31.026
35750.5	28.756
36250.5	32.078
36750.5	35.524
37250.5	27.9
37750.5	23.65
38250.5	29.692
38750.5	29.326
39250.5	26.754
39750.5	28.388
40250.5	28.114
40750.5	139.676
41250.5	139.066
41750.5	139.654
42250.5	66.278
42750.5	39.704
43250.5	43.02
43750.5	29.096
44250.5	26.98
44750.5	33.23
45250.5	30.904
45750.5	46.342
46250.5	209.1
46750.5	33.368
47250.5	31.618
47750.5	27.986
48250.5	29.084
48750.5	32.076
49250.5	233.662
49750.5	350.224
50250.5	474.796
50750.5	443.564
51250.5	355.288
51750.5	156.89
52250.5	31.242
52750.5	36.076
53250.5	26.754
53750.5	29.544
54250.5	27.932
54750.5	29.54
55250.5	28.2
55750.5	25.67
56250.5	28.084
56750.5	28.708
57250.5	29.962
57750.5	35.872
58250.5	32.816
58750.5	31.314
59250.5	34.616
59750.5	37.424
60250.5	73.02
60750.5	37.284
61250.5	263.862
61750.5	305.988
62250.5	107.242
62750.5	104.104
63250.5	26.726
63750.5	28.988
64250.5	27.928
64750.5	24.274
65250.5	31.53
65750.5	26.686
66250.5	28.78
66750.5	29.896
67250.5	23.5
67750.5	26.276
68250.5	117.106
68750.5	57.548
69250.5	30.342
69750.5	36.118
70250.5	32.052
70750.5	289.48
71250.5	33.252
71750.5	28.962
72250.5	28.262
72750.5	32.508
73250.5	78.262
73750.5	146.676
74250.5	140.682
74750.5	226.2
75250.5	280.252
75750.5	209.772
76250.5	230.308
76750.5	269.726
77250.5	161.896
77750.5	30.308
78250.5	31.312
78750.5	27.192
79250.5	34.172
79750.5	29.076
80250.5	117.1
80750.5	44.458
81250.5	103.596
81750.5	22.256
82250.5	25.74
82750.5	24.19
83250.5	27.292
83750.5	26.5
84250.5	138.016
84750.5	68.262
85250.5	31.218
85750.5	90.65
86250.5	27.938
86750.5	37.556
87250.5	26.898
87750.5	29.776
88250.5	32.16
88750.5	33.268
89250.5	35.064
89750.5	22.568
90250.5	113.912
90750.5	114.538
91250.5	36.112
91750.5	37.68
92250.5	38.052
92750.5	26.762
93250.5	27.78
93750.5	28.786
94250.5	26.626
94750.5	34.384
95250.5	35.122
95750.5	31.692
96250.5	28.024
96750.5	32.898
97250.5	29.176
97750.5	30.338
98250.5	31.246
98750.5	29.458
99250.5	34.346
99750.5	22.626
100250.5	18.206
100750.5	31.7
101250.5	33.836
101750.5	34.94
102250.5	22.94
102750.5	31.366
103250.5	25.472
103750.5	26.278
104250.5	31.036
104750.5	23.338
105250.5	27.892
105750.5	121.09
106250.5	245.474
106750.5	26.398
107250.5	30.026
107750.5	29.6
108250.5	29.468
108750.5	31.536
109250.5	26.296
109750.5	26.028
110250.5	22.382
110750.5	27.246
111250.5	31.242
111750.5	34.51
112250.5	34.922
112750.5	23.746
113250.5	30.584
113750.5	35.224
114250.5	34.026
114750.5	29.82
115250.5	24.356
115750.5	32.738
116250.5	28.996
116750.5	31.336
117250.5	27.53
117750.5	35.826
118250.5	26.388
118750.5	25.64
119250.5	29.798
119750.5	28.208
120250.5	30.488
120750.5	25.428
121250.5	32.156
121750.5	29.052
122250.5	32.77
122750.5	31.368
123250.5	31.14
123750.5	32.04
124250.5	27.452
124750.5	114.682
125250.5	363.614
125750.5	250.194
126250.5	32.622
126750.5	23.938
127250.5	25.66
127750.5	29.534
128250.5	31.546
128750.5	34.61
129250.5	31.604
129750.5	51.784
130250.5	439.84
130750.5	606.732
131250.5	33.208
131750.5	27.232
132250.5	27.19
132750.5	35.126
133250.5	30.918
133750.5	33.716
134250.5	29.728
134750.5	36.516
135250.5	32.96
135750.5	32.738
136250.5	74.57
136750.5	28.086
137250.5	58.506
137750.5	34.378
138250.5	26.438
138750.5	31.278
139250.5	31.758
139750.5	26.334
140250.5	31.866
140750.5	27.76
141250.5	34.202
141750.5	33.03
142250.5	29.202
142750.5	25.576
143250.5	23.324
143750.5	26.592
144250.5	30.248
144750.5	34.642
145250.5	30.236
145750.5	25.112
146250.5	29.686
146750.5	35.588
147250.5	33.448
147750.5	27.64
148250.5	30.49
148750.5	32.584
149250.5	28.996
149750.5	31.628
150250.5	25.716
150750.5	185.692
151250.5	73.37
151750.5	32.218
152250.5	31.344
152750.5	30.762
153250.5	565.346
153750.5	305.026
154250.5	32.092
154750.5	31.646
155250.5	34.356
155750.5	35.074
156250.5	30.436
156750.5	26.798
157250.5	31.944
157750.5	37.83
158250.5	31.918
158750.5	31.102
159250.5	56.052
159750.5	195.462
160250.5	28.392
160750.5	33.708
161250.5	26.124
161750.5	28.232
162250.5	24.658
162750.5	27.81
163250.5	33.052
163750.5	25.67
164250.5	31.106
164750.5	33.728
165250.5	28.598
165750.5	24.186
166250.5	27.982
166750.5	29.31
167250.5	32.392
167750.5	30.69
168250.5	29.084
168750.5	31.618
169250.5	29.91
169750.5	26.34
170250.5	28.636
170750.5	32.518
171250.5	25.334
171750.5	29.172
172250.5	28.968
172750.5	28.16
173250.5	29.134
173750.5	30.14
174250.5	278.998
174750.5	54.776
175250.5	29.85
175750.5	29.01
176250.5	161.106
176750.5	375.25
177250.5	297.262
177750.5	28.676
178250.5	156.862
178750.5	26.516
179250.5	24.004
179750.5	27.822
180250.5	26.696
180750.5	29.842
181250.5	24.854
181750.5	35.282
182250.5	34.136
182750.5	104.566
183250.5	32.796
183750.5	26.828
184250.5	103.436
184750.5	35.666
185250.5	40.038
185750.5	33.102
186250.5	26.502
186750.5	34.898
187250.5	57.826
187750.5	38.348
188250.5	34.422
188750.5	31.964
189250.5	26.176
189750.5	34.87
190250.5	29.192
190750.5	27.566
191250.5	30.146
191750.5	22.61
192250.5	30.88
192750.5	28.148
193250.5	31.448
193750.5	26.162
194250.5	28.152
194750.5	36.612
195250.5	27.608
195750.5	382.0
196250.5	471.964
196750.5	346.504
197250.5	30.676
197750.5	29.3
198250.5	25.618
198750.5	27.554
199250.5	24.704
199750.5	16.918
