#Coverage	Number of genomic locations
0.0	542.0
1.0	31.0
2.0	83.0
3.0	35.0
4.0	35.0
5.0	51.0
6.0	38.0
7.0	25.0
8.0	26.0
9.0	61.0
10.0	17.0
11.0	34.0
12.0	30.0
13.0	57.0
14.0	169.0
15.0	288.0
16.0	453.0
17.0	704.0
18.0	1032.0
19.0	1648.0
20.0	2167.0
21.0	3325.0
22.0	4349.0
23.0	5917.0
24.0	7302.0
25.0	8720.0
26.0	10299.0
27.0	11418.0
28.0	12236.0
29.0	12297.0
30.0	12296.0
31.0	12500.0
32.0	11583.0
33.0	10289.0
34.0	9347.0
35.0	8040.0
36.0	6407.0
37.0	5057.0
38.0	4165.0
39.0	3331.0
40.0	2560.0
41.0	1862.0
42.0	1346.0
43.0	1074.0
44.0	743.0
45.0	500.0
46.0	317.0
47.0	227.0
48.0	148.0
49.0	134.0
50.0	131.0
51.0	105.0
52.0	86.0
53.0	86.0
54.0	74.0
55.0	61.0
56.0	67.0
57.0	66.0
58.0	95.0
59.0	90.0
60.0	79.0
61.0	88.0
62.0	114.0
63.0	79.0
64.0	104.0
65.0	89.0
66.0	56.0
67.0	59.0
68.0	76.0
69.0	54.0
70.0	85.0
71.0	76.0
72.0	43.0
73.0	34.0
74.0	37.0
75.0	40.0
76.0	31.0
77.0	52.0
78.0	45.0
79.0	17.0
80.0	8.0
81.0	2.0
82.0	3.0
83.0	1.0
100.0	4.0
101.0	1.0
103.0	1.0
104.0	1.0
108.0	2.0
109.0	3.0
110.0	17.0
111.0	20.0
112.0	7.0
113.0	6.0
114.0	6.0
115.0	11.0
116.0	4.0
117.0	11.0
118.0	3.0
119.0	10.0
120.0	23.0
121.0	31.0
122.0	30.0
123.0	42.0
124.0	45.0
125.0	55.0
126.0	64.0
127.0	95.0
128.0	115.0
129.0	100.0
130.0	103.0
131.0	113.0
132.0	123.0
133.0	120.0
134.0	130.0
135.0	146.0
136.0	131.0
137.0	181.0
138.0	174.0
139.0	211.0
140.0	287.0
141.0	271.0
142.0	248.0
143.0	289.0
144.0	329.0
145.0	318.0
146.0	329.0
147.0	297.0
148.0	271.0
149.0	256.0
150.0	260.0
151.0	224.0
152.0	252.0
153.0	230.0
154.0	200.0
155.0	189.0
156.0	146.0
157.0	127.0
158.0	154.0
159.0	104.0
160.0	107.0
161.0	76.0
162.0	57.0
163.0	56.0
164.0	72.0
165.0	70.0
166.0	59.0
167.0	56.0
168.0	31.0
169.0	31.0
170.0	31.0
171.0	38.0
172.0	25.0
173.0	31.0
174.0	24.0
175.0	24.0
176.0	10.0
177.0	12.0
178.0	11.0
179.0	17.0
180.0	12.0
181.0	15.0
182.0	20.0
183.0	16.0
184.0	22.0
185.0	19.0
186.0	28.0
187.0	30.0
188.0	16.0
189.0	19.0
190.0	21.0
191.0	5.0
192.0	10.0
193.0	4.0
194.0	7.0
195.0	15.0
196.0	13.0
197.0	13.0
198.0	13.0
199.0	12.0
200.0	7.0
201.0	6.0
202.0	8.0
203.0	6.0
204.0	2.0
205.0	5.0
206.0	8.0
207.0	4.0
208.0	15.0
209.0	13.0
210.0	10.0
211.0	18.0
212.0	9.0
213.0	16.0
214.0	27.0
215.0	32.0
216.0	26.0
217.0	29.0
218.0	37.0
219.0	28.0
220.0	31.0
221.0	32.0
222.0	26.0
223.0	22.0
224.0	21.0
225.0	25.0
226.0	21.0
227.0	22.0
228.0	19.0
229.0	19.0
230.0	16.0
231.0	12.0
232.0	16.0
233.0	28.0
234.0	16.0
235.0	26.0
236.0	17.0
237.0	25.0
238.0	25.0
239.0	22.0
240.0	29.0
241.0	19.0
242.0	26.0
243.0	28.0
244.0	26.0
245.0	39.0
246.0	35.0
247.0	47.0
248.0	50.0
249.0	47.0
250.0	44.0
251.0	49.0
252.0	61.0
253.0	37.0
254.0	58.0
255.0	61.0
256.0	62.0
257.0	66.0
258.0	54.0
259.0	61.0
260.0	62.0
261.0	66.0
262.0	57.0
263.0	58.0
264.0	71.0
265.0	69.0
266.0	61.0
267.0	68.0
268.0	88.0
269.0	82.0
270.0	97.0
271.0	79.0
272.0	82.0
273.0	80.0
274.0	93.0
275.0	82.0
276.0	78.0
277.0	79.0
278.0	82.0
279.0	73.0
280.0	65.0
281.0	72.0
282.0	62.0
283.0	51.0
284.0	66.0
285.0	63.0
286.0	71.0
287.0	82.0
288.0	90.0
289.0	79.0
290.0	66.0
291.0	70.0
292.0	79.0
293.0	81.0
294.0	71.0
295.0	73.0
296.0	77.0
297.0	90.0
298.0	102.0
299.0	97.0
300.0	114.0
301.0	99.0
302.0	73.0
303.0	77.0
304.0	67.0
305.0	74.0
306.0	65.0
307.0	56.0
308.0	56.0
309.0	45.0
310.0	45.0
311.0	59.0
312.0	60.0
313.0	61.0
314.0	57.0
315.0	58.0
316.0	78.0
317.0	52.0
318.0	46.0
319.0	50.0
320.0	30.0
321.0	28.0
322.0	26.0
323.0	25.0
324.0	20.0
325.0	27.0
326.0	30.0
327.0	25.0
328.0	16.0
329.0	22.0
330.0	34.0
331.0	34.0
332.0	23.0
333.0	34.0
334.0	29.0
335.0	31.0
336.0	25.0
337.0	36.0
338.0	42.0
339.0	31.0
340.0	27.0
341.0	26.0
342.0	24.0
343.0	31.0
344.0	26.0
345.0	32.0
346.0	40.0
347.0	32.0
348.0	31.0
349.0	37.0
350.0	53.0
351.0	55.0
352.0	50.0
353.0	42.0
354.0	51.0
355.0	55.0
356.0	74.0
357.0	65.0
358.0	53.0
359.0	57.0
360.0	69.0
361.0	48.0
362.0	51.0
363.0	50.0
364.0	49.0
365.0	45.0
366.0	44.0
367.0	39.0
368.0	59.0
369.0	71.0
370.0	72.0
371.0	80.0
372.0	69.0
373.0	85.0
374.0	75.0
375.0	119.0
376.0	97.0
377.0	109.0
378.0	99.0
379.0	112.0
380.0	88.0
381.0	73.0
382.0	71.0
383.0	87.0
384.0	96.0
385.0	78.0
386.0	87.0
387.0	80.0
388.0	64.0
389.0	84.0
390.0	87.0
391.0	85.0
392.0	68.0
393.0	79.0
394.0	65.0
395.0	85.0
396.0	74.0
397.0	86.0
398.0	78.0
399.0	83.0
400.0	71.0
401.0	78.0
402.0	58.0
403.0	47.0
404.0	58.0
405.0	71.0
406.0	65.0
407.0	63.0
408.0	49.0
409.0	64.0
410.0	52.0
411.0	45.0
412.0	55.0
413.0	64.0
414.0	61.0
415.0	61.0
416.0	52.0
417.0	66.0
418.0	73.0
419.0	55.0
420.0	54.0
421.0	57.0
422.0	47.0
423.0	57.0
424.0	48.0
425.0	42.0
426.0	36.0
427.0	37.0
428.0	47.0
429.0	58.0
430.0	44.0
431.0	40.0
432.0	31.0
433.0	43.0
434.0	30.0
435.0	31.0
436.0	29.0
437.0	22.0
438.0	32.0
439.0	23.0
440.0	26.0
441.0	16.0
442.0	12.0
443.0	16.0
444.0	11.0
445.0	9.0
446.0	11.0
447.0	8.0
448.0	5.0
449.0	9.0
450.0	2.0
451.0	2.0
452.0	4.0
453.0	4.0
454.0	3.0
455.0	2.0
456.0	2.0
457.0	3.0
458.0	1.0
459.0	1.0
460.0	1.0
461.0	2.0
462.0	1.0
464.0	2.0
465.0	2.0
466.0	1.0
467.0	2.0
469.0	1.0
470.0	1.0
471.0	1.0
475.0	2.0
478.0	1.0
480.0	1.0
484.0	1.0
485.0	1.0
486.0	1.0
487.0	2.0
488.0	4.0
489.0	6.0
490.0	3.0
491.0	2.0
492.0	3.0
493.0	3.0
494.0	1.0
495.0	2.0
496.0	2.0
497.0	1.0
498.0	3.0
499.0	1.0
500.0	1.0
501.0	2.0
502.0	4.0
503.0	7.0
504.0	3.0
505.0	4.0
507.0	4.0
508.0	3.0
509.0	1.0
510.0	1.0
512.0	3.0
513.0	3.0
514.0	3.0
515.0	3.0
517.0	3.0
518.0	3.0
519.0	2.0
520.0	4.0
521.0	6.0
522.0	7.0
523.0	7.0
524.0	7.0
525.0	8.0
526.0	3.0
527.0	12.0
528.0	14.0
529.0	12.0
530.0	13.0
531.0	20.0
532.0	18.0
533.0	21.0
534.0	24.0
535.0	13.0
536.0	11.0
537.0	19.0
538.0	18.0
539.0	13.0
540.0	16.0
541.0	11.0
542.0	18.0
543.0	19.0
544.0	12.0
545.0	13.0
546.0	14.0
547.0	14.0
548.0	14.0
549.0	21.0
550.0	22.0
551.0	11.0
552.0	5.0
553.0	10.0
554.0	7.0
555.0	13.0
556.0	10.0
557.0	14.0
558.0	8.0
559.0	6.0
560.0	6.0
561.0	5.0
562.0	3.0
563.0	3.0
564.0	2.0
565.0	3.0
566.0	4.0
567.0	6.0
568.0	8.0
569.0	3.0
570.0	10.0
571.0	11.0
572.0	13.0
573.0	14.0
574.0	15.0
575.0	17.0
576.0	16.0
577.0	17.0
578.0	12.0
579.0	8.0
580.0	11.0
581.0	15.0
582.0	8.0
583.0	14.0
584.0	8.0
585.0	3.0
586.0	7.0
587.0	12.0
588.0	12.0
589.0	11.0
590.0	17.0
591.0	18.0
592.0	18.0
593.0	20.0
594.0	15.0
595.0	16.0
596.0	23.0
597.0	26.0
598.0	25.0
599.0	30.0
600.0	25.0
601.0	22.0
602.0	24.0
603.0	14.0
604.0	17.0
605.0	12.0
606.0	11.0
607.0	5.0
608.0	3.0
609.0	2.0
610.0	2.0
611.0	1.0
615.0	1.0
640.0	1.0
642.0	3.0
643.0	2.0
645.0	2.0
647.0	1.0
650.0	1.0
652.0	2.0
654.0	1.0
656.0	1.0
658.0	4.0
659.0	5.0
660.0	2.0
661.0	2.0
662.0	1.0
663.0	2.0
664.0	1.0
665.0	1.0
666.0	1.0
667.0	1.0
668.0	3.0
670.0	2.0
673.0	3.0
675.0	1.0
676.0	5.0
677.0	1.0
678.0	3.0
679.0	6.0
680.0	6.0
681.0	3.0
682.0	8.0
683.0	6.0
684.0	4.0
685.0	5.0
686.0	3.0
687.0	3.0
688.0	3.0
689.0	5.0
690.0	6.0
691.0	6.0
692.0	6.0
693.0	9.0
694.0	6.0
695.0	9.0
696.0	5.0
697.0	11.0
698.0	5.0
699.0	4.0
700.0	11.0
701.0	2.0
702.0	8.0
703.0	10.0
704.0	6.0
705.0	7.0
706.0	4.0
707.0	4.0
708.0	5.0
709.0	6.0
710.0	3.0
711.0	7.0
712.0	7.0
713.0	5.0
714.0	6.0
715.0	5.0
716.0	6.0
717.0	4.0
718.0	2.0
719.0	2.0
720.0	4.0
721.0	1.0
722.0	2.0
723.0	4.0
724.0	4.0
725.0	1.0
726.0	4.0
727.0	7.0
728.0	9.0
729.0	10.0
730.0	6.0
731.0	8.0
732.0	4.0
733.0	4.0
734.0	7.0
735.0	11.0
736.0	11.0
737.0	9.0
738.0	13.0
739.0	15.0
740.0	19.0
741.0	14.0
742.0	14.0
743.0	14.0
744.0	7.0
745.0	6.0
746.0	9.0
747.0	4.0
748.0	2.0
749.0	6.0
750.0	2.0
751.0	2.0
752.0	4.0
753.0	5.0
754.0	9.0
755.0	2.0
756.0	6.0
757.0	2.0
758.0	3.0
759.0	4.0
760.0	2.0
761.0	1.0
762.0	2.0
763.0	1.0
765.0	1.0
783.0	1.0
827.0	1.0
829.0	1.0
830.0	1.0
831.0	1.0
834.0	1.0
836.0	1.0
838.0	1.0
839.0	2.0
844.0	2.0
847.0	1.0
851.0	3.0
855.0	1.0
856.0	2.0
858.0	2.0
859.0	2.0
860.0	1.0
861.0	2.0
862.0	2.0
863.0	2.0
865.0	1.0
868.0	1.0
869.0	1.0
872.0	1.0
875.0	2.0
876.0	2.0
877.0	1.0
878.0	1.0
881.0	3.0
882.0	2.0
1223.0	2.0
1237.0	1.0
1240.0	1.0
1254.0	1.0
1258.0	1.0
1265.0	1.0
1269.0	1.0
1276.0	1.0
1284.0	1.0
1292.0	1.0
1296.0	1.0
1297.0	1.0
1305.0	1.0
1307.0	1.0
1314.0	1.0
1321.0	1.0
1323.0	1.0
1329.0	1.0
1334.0	1.0
1340.0	1.0
1344.0	2.0
1350.0	2.0
1361.0	2.0
1365.0	1.0
1368.0	1.0
1374.0	1.0
1377.0	1.0
1383.0	1.0
1387.0	1.0
1388.0	1.0
1393.0	1.0
1400.0	1.0
1401.0	1.0
1406.0	1.0
1410.0	1.0
1415.0	1.0
1420.0	1.0
1424.0	1.0
1428.0	1.0
1432.0	1.0
1439.0	1.0
1440.0	1.0
1447.0	1.0
1450.0	1.0
1452.0	1.0
1456.0	1.0
1462.0	1.0
1464.0	1.0
1465.0	1.0
1471.0	1.0
1473.0	1.0
1477.0	1.0
1478.0	1.0
1481.0	1.0
1482.0	1.0
1486.0	1.0
1489.0	1.0
1490.0	1.0
1493.0	1.0
