#Insert size (bp)	insert size
2.0	27.0
3.0	22.0
4.0	12.0
5.0	19.0
6.0	15.0
7.0	25.0
8.0	17.0
9.0	25.0
10.0	13.0
11.0	13.0
12.0	21.0
13.0	18.0
14.0	31.0
15.0	28.0
16.0	23.0
17.0	25.0
18.0	27.0
19.0	25.0
20.0	33.0
21.0	37.0
22.0	34.0
23.0	31.0
24.0	32.0
25.0	35.0
26.0	26.0
27.0	33.0
28.0	32.0
29.0	34.0
30.0	17.0
31.0	39.0
32.0	45.0
33.0	43.0
34.0	50.0
35.0	60.0
36.0	51.0
37.0	41.0
38.0	49.0
39.0	37.0
40.0	43.0
41.0	41.0
42.0	35.0
43.0	95.0
44.0	100.0
45.0	37.0
46.0	28.0
47.0	29.0
48.0	29.0
49.0	35.0
50.0	38.0
51.0	27.0
52.0	38.0
53.0	32.0
54.0	34.0
55.0	29.0
56.0	36.0
57.0	112.0
58.0	41.0
59.0	58.0
60.0	63.0
61.0	37.0
62.0	143.0
63.0	295.0
64.0	44.0
65.0	29.0
66.0	36.0
67.0	86.0
68.0	41.0
69.0	36.0
70.0	22.0
71.0	20.0
72.0	50.0
73.0	33.0
74.0	26.0
75.0	49.0
76.0	35.0
77.0	41.0
78.0	46.0
79.0	42.0
80.0	85.0
81.0	47.0
82.0	40.0
83.0	31.0
84.0	47.0
85.0	40.0
86.0	35.0
87.0	39.0
88.0	42.0
89.0	117.0
90.0	35.0
91.0	31.0
92.0	39.0
93.0	29.0
94.0	32.0
95.0	39.0
96.0	32.0
97.0	36.0
98.0	30.0
99.0	36.0
100.0	31.0
101.0	29.0
102.0	29.0
103.0	35.0
104.0	36.0
105.0	39.0
106.0	26.0
107.0	30.0
108.0	34.0
109.0	30.0
110.0	29.0
111.0	36.0
112.0	29.0
113.0	40.0
114.0	22.0
115.0	32.0
116.0	29.0
117.0	22.0
118.0	28.0
119.0	33.0
120.0	39.0
121.0	58.0
122.0	31.0
123.0	45.0
124.0	76.0
125.0	31.0
126.0	25.0
127.0	28.0
128.0	19.0
129.0	21.0
130.0	19.0
131.0	25.0
132.0	24.0
133.0	23.0
134.0	30.0
135.0	30.0
136.0	20.0
137.0	17.0
138.0	27.0
139.0	28.0
140.0	52.0
141.0	17.0
142.0	34.0
143.0	21.0
144.0	24.0
145.0	17.0
146.0	14.0
147.0	16.0
148.0	24.0
149.0	23.0
150.0	20.0
151.0	16.0
152.0	27.0
153.0	23.0
154.0	16.0
155.0	22.0
156.0	25.0
157.0	19.0
158.0	35.0
159.0	18.0
160.0	17.0
161.0	21.0
162.0	24.0
163.0	51.0
164.0	7.0
165.0	26.0
166.0	14.0
167.0	16.0
168.0	18.0
169.0	11.0
170.0	15.0
171.0	13.0
172.0	13.0
173.0	7.0
174.0	8.0
175.0	8.0
176.0	33.0
177.0	9.0
178.0	10.0
179.0	12.0
180.0	10.0
181.0	11.0
182.0	16.0
183.0	8.0
184.0	11.0
185.0	37.0
186.0	14.0
187.0	25.0
188.0	15.0
189.0	8.0
190.0	10.0
191.0	8.0
192.0	9.0
193.0	9.0
194.0	8.0
195.0	14.0
196.0	11.0
197.0	9.0
198.0	6.0
199.0	13.0
200.0	22.0
201.0	7.0
202.0	56.0
203.0	10.0
204.0	18.0
205.0	13.0
206.0	9.0
207.0	6.0
208.0	11.0
209.0	18.0
210.0	9.0
211.0	33.0
212.0	8.0
213.0	12.0
214.0	8.0
215.0	5.0
216.0	9.0
217.0	15.0
218.0	26.0
219.0	21.0
220.0	9.0
221.0	17.0
222.0	13.0
223.0	14.0
224.0	84.0
225.0	18.0
226.0	14.0
227.0	21.0
228.0	25.0
229.0	17.0
230.0	15.0
231.0	37.0
232.0	34.0
233.0	31.0
234.0	26.0
235.0	32.0
236.0	30.0
237.0	22.0
238.0	23.0
239.0	35.0
240.0	36.0
241.0	30.0
242.0	26.0
243.0	26.0
244.0	38.0
245.0	34.0
246.0	35.0
247.0	35.0
248.0	35.0
249.0	30.0
250.0	27.0
251.0	35.0
252.0	30.0
253.0	34.0
254.0	36.0
255.0	33.0
256.0	31.0
257.0	40.0
258.0	38.0
259.0	33.0
260.0	32.0
261.0	47.0
262.0	38.0
263.0	37.0
264.0	40.0
265.0	37.0
266.0	40.0
267.0	33.0
268.0	110.0
269.0	39.0
270.0	42.0
271.0	56.0
272.0	58.0
273.0	58.0
274.0	49.0
275.0	40.0
276.0	69.0
277.0	47.0
278.0	41.0
279.0	48.0
280.0	58.0
281.0	60.0
282.0	65.0
283.0	58.0
284.0	60.0
285.0	49.0
286.0	81.0
287.0	46.0
288.0	61.0
289.0	65.0
290.0	70.0
291.0	70.0
292.0	70.0
293.0	51.0
294.0	95.0
295.0	58.0
296.0	44.0
297.0	48.0
298.0	50.0
299.0	63.0
300.0	59.0
301.0	52.0
302.0	60.0
303.0	57.0
304.0	53.0
305.0	46.0
306.0	56.0
307.0	60.0
308.0	79.0
309.0	61.0
310.0	69.0
311.0	63.0
312.0	50.0
313.0	61.0
314.0	56.0
315.0	68.0
316.0	56.0
317.0	74.0
318.0	58.0
319.0	71.0
320.0	70.0
321.0	76.0
322.0	100.0
323.0	100.0
324.0	114.0
325.0	125.0
326.0	140.0
327.0	165.0
328.0	170.0
329.0	200.0
330.0	239.0
331.0	281.0
332.0	302.0
333.0	365.0
334.0	428.0
335.0	443.0
336.0	528.0
337.0	591.0
338.0	596.0
339.0	724.0
340.0	774.0
341.0	860.0
342.0	862.0
343.0	959.0
344.0	964.0
345.0	1037.0
346.0	1153.0
347.0	1100.0
348.0	1136.0
349.0	1141.0
350.0	1129.0
351.0	1185.0
352.0	1125.0
353.0	1059.0
354.0	1055.0
355.0	948.0
356.0	873.0
357.0	833.0
358.0	723.0
359.0	736.0
360.0	656.0
361.0	595.0
362.0	496.0
363.0	431.0
364.0	402.0
365.0	318.0
366.0	302.0
367.0	257.0
368.0	189.0
369.0	188.0
370.0	142.0
371.0	113.0
372.0	93.0
373.0	72.0
374.0	55.0
375.0	48.0
376.0	37.0
377.0	21.0
378.0	28.0
379.0	22.0
380.0	10.0
381.0	10.0
382.0	12.0
383.0	6.0
384.0	6.0
385.0	5.0
386.0	4.0
387.0	5.0
388.0	8.0
389.0	9.0
390.0	4.0
391.0	7.0
392.0	5.0
393.0	7.0
394.0	8.0
395.0	12.0
396.0	12.0
397.0	9.0
398.0	6.0
399.0	11.0
400.0	10.0
401.0	6.0
402.0	6.0
403.0	9.0
404.0	6.0
405.0	12.0
406.0	10.0
407.0	11.0
408.0	9.0
409.0	10.0
410.0	9.0
411.0	7.0
412.0	10.0
413.0	4.0
414.0	7.0
415.0	7.0
416.0	2.0
417.0	5.0
418.0	2.0
419.0	1.0
420.0	5.0
421.0	2.0
422.0	1.0
423.0	1.0
424.0	1.0
425.0	1.0
426.0	1.0
427.0	1.0
428.0	3.0
429.0	1.0
430.0	2.0
432.0	1.0
433.0	2.0
434.0	3.0
435.0	6.0
437.0	1.0
438.0	2.0
439.0	4.0
440.0	2.0
441.0	5.0
442.0	3.0
443.0	4.0
444.0	2.0
445.0	5.0
446.0	5.0
447.0	4.0
448.0	7.0
449.0	4.0
450.0	2.0
451.0	6.0
452.0	7.0
453.0	3.0
454.0	15.0
455.0	12.0
456.0	13.0
457.0	10.0
458.0	15.0
459.0	22.0
460.0	22.0
461.0	19.0
462.0	20.0
463.0	17.0
464.0	24.0
465.0	24.0
466.0	29.0
467.0	34.0
468.0	22.0
469.0	34.0
470.0	29.0
471.0	24.0
472.0	25.0
473.0	21.0
474.0	22.0
475.0	28.0
476.0	19.0
477.0	16.0
478.0	17.0
479.0	19.0
480.0	19.0
481.0	10.0
482.0	9.0
483.0	10.0
484.0	5.0
485.0	5.0
486.0	4.0
487.0	2.0
488.0	5.0
489.0	4.0
490.0	3.0
491.0	4.0
492.0	2.0
493.0	1.0
494.0	1.0
495.0	2.0
496.0	2.0
497.0	3.0
498.0	3.0
500.0	3.0
501.0	3.0
502.0	2.0
503.0	4.0
504.0	5.0
505.0	2.0
506.0	1.0
507.0	2.0
508.0	5.0
509.0	4.0
510.0	5.0
511.0	4.0
512.0	4.0
513.0	4.0
514.0	4.0
515.0	5.0
516.0	3.0
517.0	4.0
518.0	7.0
519.0	6.0
520.0	5.0
521.0	6.0
522.0	4.0
523.0	3.0
524.0	2.0
525.0	2.0
526.0	3.0
527.0	4.0
528.0	4.0
529.0	2.0
530.0	2.0
531.0	1.0
532.0	4.0
533.0	2.0
534.0	1.0
535.0	3.0
537.0	2.0
539.0	2.0
540.0	1.0
541.0	2.0
543.0	1.0
545.0	1.0
546.0	5.0
548.0	1.0
554.0	1.0
555.0	1.0
556.0	1.0
558.0	1.0
559.0	1.0
560.0	3.0
561.0	5.0
564.0	4.0
566.0	1.0
567.0	1.0
568.0	1.0
569.0	3.0
570.0	1.0
571.0	8.0
572.0	3.0
574.0	4.0
575.0	2.0
576.0	3.0
577.0	5.0
578.0	3.0
579.0	5.0
581.0	9.0
582.0	6.0
583.0	7.0
584.0	7.0
585.0	9.0
586.0	9.0
587.0	7.0
588.0	6.0
589.0	5.0
590.0	11.0
591.0	8.0
592.0	8.0
593.0	9.0
594.0	14.0
595.0	7.0
596.0	13.0
597.0	6.0
598.0	6.0
599.0	6.0
600.0	10.0
601.0	2.0
602.0	5.0
603.0	6.0
604.0	4.0
605.0	4.0
606.0	3.0
607.0	5.0
608.0	6.0
609.0	6.0
610.0	6.0
611.0	3.0
612.0	4.0
613.0	5.0
614.0	4.0
615.0	3.0
616.0	9.0
617.0	5.0
618.0	4.0
619.0	8.0
620.0	10.0
621.0	4.0
622.0	7.0
623.0	4.0
624.0	7.0
625.0	6.0
626.0	6.0
627.0	6.0
628.0	4.0
629.0	6.0
630.0	3.0
631.0	5.0
632.0	6.0
633.0	15.0
634.0	3.0
635.0	7.0
636.0	12.0
637.0	7.0
638.0	15.0
639.0	13.0
640.0	7.0
641.0	15.0
642.0	11.0
643.0	9.0
644.0	12.0
645.0	7.0
646.0	7.0
647.0	11.0
648.0	12.0
649.0	9.0
650.0	6.0
651.0	7.0
652.0	4.0
653.0	5.0
654.0	5.0
655.0	3.0
656.0	6.0
657.0	3.0
658.0	2.0
659.0	4.0
661.0	3.0
662.0	1.0
663.0	5.0
664.0	4.0
665.0	3.0
666.0	4.0
667.0	7.0
668.0	3.0
669.0	4.0
670.0	8.0
671.0	6.0
672.0	5.0
673.0	7.0
674.0	7.0
675.0	7.0
676.0	8.0
677.0	11.0
678.0	7.0
679.0	2.0
680.0	12.0
681.0	9.0
682.0	9.0
683.0	7.0
684.0	11.0
685.0	7.0
686.0	8.0
687.0	5.0
688.0	5.0
689.0	5.0
690.0	5.0
691.0	8.0
692.0	4.0
693.0	3.0
694.0	2.0
695.0	2.0
696.0	3.0
697.0	3.0
698.0	5.0
699.0	1.0
700.0	1.0
701.0	3.0
702.0	2.0
704.0	4.0
705.0	3.0
706.0	2.0
707.0	1.0
708.0	1.0
710.0	1.0
711.0	2.0
712.0	2.0
