#Position (bp)	insert size
250.5	352.0
750.5	338.07272727272726
1250.5	329.4035087719298
1750.5	347.3666666666667
2250.5	349.1803278688525
2750.5	349.5111111111111
3250.5	348.7916666666667
3750.5	313.5098039215686
4250.5	342.07142857142856
4750.5	350.2692307692308
5250.5	350.1454545454545
5750.5	349.96
6250.5	350.04545454545456
6750.5	347.2857142857143
7250.5	345.3818181818182
7750.5	295.7368421052632
8250.5	348.61538461538464
8750.5	348.14
9250.5	349.28
9750.5	347.7818181818182
10250.5	348.1454545454545
10750.5	348.30645161290323
11250.5	348.78723404255317
11750.5	349.40625
12250.5	348.7659574468085
12750.5	306.6792452830189
13250.5	327.70588235294116
13750.5	341.0425531914894
14250.5	2040.6792452830189
14750.5	1574.1363636363637
15250.5	349.6666666666667
15750.5	345.81632653061223
16250.5	345.1777777777778
16750.5	327.3623188405797
17250.5	285.859375
17750.5	432.2490272373541
18250.5	345.1518987341772
18750.5	351.2083333333333
19250.5	350.3050847457627
19750.5	346.9791666666667
20250.5	353.42
20750.5	1354.7307692307693
21250.5	345.7361111111111
21750.5	346.5625
22250.5	349.89473684210526
22750.5	351.6530612244898
23250.5	349.88235294117646
23750.5	349.06410256410254
24250.5	350.52830188679246
24750.5	346.2391304347826
25250.5	339.03333333333336
25750.5	330.0612244897959
26250.5	314.55263157894734
26750.5	350.32142857142856
27250.5	348.6595744680851
27750.5	348.18
28250.5	349.6304347826087
28750.5	349.11475409836066
29250.5	349.51851851851853
29750.5	351.625
30250.5	341.95454545454544
30750.5	334.8292682926829
31250.5	349.8222222222222
31750.5	351.1384615384615
32250.5	349.56410256410254
32750.5	328.0967741935484
33250.5	348.1372549019608
33750.5	350.93939393939394
34250.5	349.37254901960785
34750.5	347.0444444444444
35250.5	351.25454545454545
35750.5	353.7916666666667
36250.5	349.77358490566036
36750.5	349.3114754098361
37250.5	351.8863636363636
37750.5	349.4102564102564
38250.5	349.9423076923077
38750.5	350.10869565217394
39250.5	347.7291666666667
39750.5	345.2
40250.5	350.61538461538464
40750.5	603.443864229765
41250.5	347.5829596412556
41750.5	341.22279792746116
42250.5	350.16
42750.5	340.87142857142857
43250.5	876.1228070175439
43750.5	350.9555555555556
44250.5	348.8723404255319
44750.5	348.6363636363636
45250.5	340.4655172413793
45750.5	202.4393442622951
46250.5	193.9672131147541
46750.5	347.6190476190476
47250.5	350.1190476190476
47750.5	349.8
48250.5	351.3333333333333
48750.5	349.64285714285717
49250.5	913.4161931818181
49750.5	429.02714932126696
50250.5	344.33652530779756
50750.5	482.61345852895147
51250.5	342.990990990991
51750.5	349.13953488372096
52250.5	351.6140350877193
52750.5	349.2909090909091
53250.5	350.4651162790698
53750.5	349.0444444444444
54250.5	348.34615384615387
54750.5	346.25
55250.5	329.86
55750.5	350.0769230769231
56250.5	348.04
56750.5	348.10869565217394
57250.5	349.6779661016949
57750.5	349.51785714285717
58250.5	349.462962962963
58750.5	348.42857142857144
59250.5	347.6730769230769
59750.5	342.7692307692308
60250.5	345.9462365591398
60750.5	350.04
61250.5	418.6529160739687
61750.5	365.2829131652661
62250.5	351.14
62750.5	289.9130434782609
63250.5	1294.611111111111
63750.5	348.0625
64250.5	337.6326530612245
64750.5	346.3863636363636
65250.5	348.38
65750.5	347.75555555555553
66250.5	348.6730769230769
66750.5	351.0869565217391
67250.5	345.4736842105263
67750.5	343.125
68250.5	255.0874125874126
68750.5	350.14285714285717
69250.5	350.8867924528302
69750.5	352.85
70250.5	345.7857142857143
70750.5	239.10859728506787
71250.5	348.7843137254902
71750.5	352.75
72250.5	347.70212765957444
72750.5	349.0
73250.5	692.6404494382023
73750.5	349.21008403361344
74250.5	348.9793388429752
74750.5	428.3320235756385
75250.5	348.0127388535032
75750.5	346.4478260869565
76250.5	373.8783783783784
76750.5	347.8583569405099
77250.5	336.3
77750.5	339.50847457627117
78250.5	348.10869565217394
78750.5	351.2352941176471
79250.5	369.6521739130435
79750.5	325.2280701754386
80250.5	212.4653846153846
80750.5	352.67857142857144
81250.5	213.21656050955414
81750.5	358.3095238095238
82250.5	348.93548387096774
82750.5	348.77777777777777
83250.5	352.3191489361702
83750.5	353.84090909090907
84250.5	316.99093655589127
84750.5	349.8545454545455
85250.5	348.2894736842105
85750.5	336.8333333333333
86250.5	347.7551020408163
86750.5	349.12068965517244
87250.5	351.6136363636364
87750.5	350.14285714285717
88250.5	346.09302325581393
88750.5	349.07936507936506
89250.5	348.6923076923077
89750.5	337.875
90250.5	225.52380952380952
90750.5	241.65432098765433
91250.5	343.45454545454544
91750.5	338.02702702702703
92250.5	351.4901960784314
92750.5	349.47727272727275
93250.5	347.40425531914894
93750.5	346.1489361702128
94250.5	319.4468085106383
94750.5	346.89830508474574
95250.5	348.8833333333333
95750.5	349.5098039215686
96250.5	349.0238095238095
96750.5	347.30645161290323
97250.5	350.4047619047619
97750.5	349.7962962962963
98250.5	350.3636363636364
98750.5	332.4074074074074
99250.5	351.2037037037037
99750.5	353.05882352941177
100250.5	340.56
100750.5	348.140350877193
101250.5	351.2909090909091
101750.5	352.28125
102250.5	331.09090909090907
102750.5	348.75
103250.5	352.72340425531917
103750.5	347.54545454545456
104250.5	348.92
104750.5	345.54545454545456
105250.5	348.27272727272725
105750.5	227.3144758735441
106250.5	320.8369565217391
106750.5	349.85714285714283
107250.5	349.76
107750.5	351.6190476190476
108250.5	348.1896551724138
108750.5	349.2608695652174
109250.5	347.9347826086956
109750.5	349.37142857142857
110250.5	344.60869565217394
110750.5	349.77777777777777
111250.5	350.57142857142856
111750.5	348.72727272727275
112250.5	346.54901960784315
112750.5	347.89130434782606
113250.5	348.4468085106383
113750.5	350.94029850746267
114250.5	349.52
114750.5	350.90909090909093
115250.5	349.04545454545456
115750.5	347.2105263157895
116250.5	346.8958333333333
116750.5	349.8125
117250.5	349.1525423728813
117750.5	348.1914893617021
118250.5	351.1041666666667
118750.5	348.9148936170213
119250.5	351.1025641025641
119750.5	339.3859649122807
120250.5	340.09302325581393
120750.5	350.64
121250.5	347.3191489361702
121750.5	322.3333333333333
122250.5	351.18367346938777
122750.5	350.90909090909093
123250.5	349.9433962264151
123750.5	6187.666666666667
124250.5	349.6578947368421
124750.5	458.8814159292035
125250.5	348.54943273905997
125750.5	325.9186991869919
126250.5	348.79245283018867
126750.5	347.9230769230769
127250.5	347.3478260869565
127750.5	350.03846153846155
128250.5	349.8627450980392
128750.5	350.8392857142857
129250.5	348.9375
129750.5	538.6660231660231
130250.5	391.58168761220827
130750.5	335.4723926380368
131250.5	350.56
131750.5	349.47727272727275
132250.5	349.2352941176471
132750.5	346.1698113207547
133250.5	351.5
133750.5	348.17391304347825
134250.5	352.1929824561403
134750.5	349.6825396825397
135250.5	350.1132075471698
135750.5	340.07894736842104
136250.5	335.7894736842105
136750.5	341.72093023255815
137250.5	330.54545454545456
137750.5	354.1666666666667
138250.5	355.5660377358491
138750.5	348.57894736842104
139250.5	351.3061224489796
139750.5	348.85714285714283
140250.5	348.1896551724138
140750.5	346.28205128205127
141250.5	349.265625
141750.5	356.4791666666667
142250.5	349.4339622641509
142750.5	348.84615384615387
143250.5	350.4871794871795
143750.5	348.45652173913044
144250.5	350.19642857142856
144750.5	349.47169811320754
145250.5	349.2156862745098
145750.5	349.77777777777777
146250.5	341.76666666666665
146750.5	347.875
147250.5	348.9433962264151
147750.5	352.42857142857144
148250.5	348.9
148750.5	350.52941176470586
149250.5	347.05882352941177
149750.5	352.30434782608694
150250.5	351.54
150750.5	316.55974842767296
151250.5	202.65263157894736
151750.5	351.7826086956522
152250.5	348.6545454545454
152750.5	349.1636363636364
153250.5	357.02763819095475
153750.5	321.6645569620253
154250.5	327.0
154750.5	349.60714285714283
155250.5	349.4655172413793
155750.5	347.64912280701753
156250.5	350.625
156750.5	354.44897959183675
157250.5	350.2857142857143
157750.5	333.7090909090909
158250.5	340.9310344827586
158750.5	351.3181818181818
159250.5	761.5049180327869
159750.5	266.38461538461536
160250.5	352.2037037037037
160750.5	347.28
161250.5	348.8536585365854
161750.5	351.2909090909091
162250.5	346.09375
162750.5	349.5192307692308
163250.5	350.92727272727274
163750.5	346.775
164250.5	349.9642857142857
164750.5	351.32142857142856
165250.5	346.6363636363636
165750.5	350.83720930232556
166250.5	349.7708333333333
166750.5	349.2
167250.5	343.0740740740741
167750.5	343.8863636363636
168250.5	349.734693877551
168750.5	350.05263157894734
169250.5	348.219512195122
169750.5	349.98039215686276
170250.5	350.6
170750.5	350.9
171250.5	347.53846153846155
171750.5	349.94117647058823
172250.5	348.65384615384613
172750.5	350.95
173250.5	347.88461538461536
173750.5	349.02222222222224
174250.5	166.21043165467626
174750.5	335.0192307692308
175250.5	348.2142857142857
175750.5	346.3255813953488
176250.5	493.5982905982906
176750.5	348.6756756756757
177250.5	330.9502762430939
177750.5	351.6875
178250.5	194.74117647058824
178750.5	320.7142857142857
179250.5	346.0
179750.5	334.84615384615387
180250.5	310.98148148148147
180750.5	349.35555555555555
181250.5	350.36170212765956
181750.5	349.62295081967216
182250.5	350.8965517241379
182750.5	316.8703703703704
183250.5	342.0769230769231
183750.5	335.34615384615387
184250.5	332.0816326530612
184750.5	349.93650793650795
185250.5	348.4848484848485
185750.5	349.93023255813955
186250.5	350.26
186750.5	332.55172413793105
187250.5	341.74074074074076
187750.5	349.0153846153846
188250.5	348.06
188750.5	356.9074074074074
189250.5	353.06976744186045
189750.5	347.7692307692308
190250.5	348.925
190750.5	348.0
191250.5	349.25531914893617
191750.5	332.4583333333333
192250.5	346.82978723404256
192750.5	350.42857142857144
193250.5	349.1521739130435
193750.5	349.1136363636364
194250.5	349.1764705882353
194750.5	350.5344827586207
195250.5	351.85714285714283
195750.5	541.680735930736
196250.5	346.4218289085546
196750.5	374.2927927927928
197250.5	350.48837209302326
197750.5	349.2295081967213
198250.5	352.6666666666667
198750.5	348.69565217391306
199250.5	341.6829268292683
199750.5	346.42857142857144
